VideoID,Yellow,Orange,Red,Violet,Blue,Green,Black,White,Brown
--8n6A8Q6M0.jpg,0.0,0.71,0.0,23.29,0.06,0.0,13.58,13.01,49.35
-0FfyNZdHk0.jpg,0.01,0.97,0.0,11.65,0.0,8.13,26.25,13.26,39.73
-1B7cVoZr1c.jpg,0.84,0.61,0.0,16.56,7.08,0.0,14.65,32.05,28.21
-4yu_13EHFM.jpg,0.0,8.72,0.0,25.99,0.0,0.0,14.83,10.53,39.93
-6FvAU9H98w.jpg,0.11,10.24,0.7,6.79,0.04,0.0,12.74,39.01,30.37
-7vF5F-1btE.jpg,0.64,2.76,1.08,22.39,14.17,0.0,16.9,11.52,30.54
-9ACKA4sQ4U.jpg,0.0,5.48,0.0,5.1,0.0,0.0,30.14,23.86,35.42
-9hDaG3nJwg.jpg,0.06,0.51,0.0,6.31,0.05,0.0,64.87,12.81,15.39
-fWzHd63UCA.jpg,0.25,1.84,0.0,11.64,0.0,0.0,44.48,9.39,32.4
-GVbt3qdq70.jpg,0.0,1.78,0.09,14.24,0.28,0.09,33.25,2.88,47.39
-JTkbbE_KP4.jpg,0.25,8.82,0.0,18.27,0.45,0.0,9.52,4.28,58.41
-NkPxyvAqzA.jpg,0.08,15.63,0.0,14.9,5.28,0.0,13.01,17.08,34.02
-tg0rduTy7c.jpg,1.14,1.26,0.14,28.26,0.25,0.0,3.96,15.14,49.85
-U5-r29G-t0.jpg,0.18,1.02,0.03,13.97,5.15,0.03,34.62,15.66,29.34
-uj2svY5754.jpg,2.33,2.55,0.18,28.3,14.27,0.0,14.96,8.72,28.69
-WaDvcu7mcw.jpg,0.0,0.36,0.02,8.14,0.0,0.04,71.12,0.91,19.41
-XCc67Ijcz8.jpg,3.08,12.32,0.0,18.01,0.67,0.0,26.33,14.85,24.74
-Ya6eSQ3wng.jpg,0.16,2.22,0.0,24.64,0.58,0.0,24.68,10.58,37.14
-_E2KyNAvqg.jpg,0.0,3.01,0.0,30.14,6.32,0.0,18.87,9.8,31.86
008Fi25LbKY.jpg,0.0,4.66,0.8,31.71,1.13,1.64,14.9,7.69,37.47
00qBuhJeG-o.jpg,0.0,5.15,0.0,11.44,0.0,0.0,16.97,26.45,39.99
01CgNpWKero.jpg,0.0,3.14,0.23,16.78,1.85,1.02,24.47,21.6,30.91
026urE67c8c.jpg,0.09,1.63,0.0,22.34,1.54,0.0,26.37,5.19,42.84
06hhcGs3J88.jpg,0.02,0.61,0.0,26.63,0.19,0.0,27.77,9.84,34.94
06YeEjVLC0E.jpg,0.0,1.69,0.0,16.37,0.0,0.0,30.65,5.17,46.12
09HUMZrCH3A.jpg,0.0,4.18,0.0,18.32,0.0,0.0,34.69,5.89,36.92
0AuL6FQR3HE.jpg,0.0,0.55,42.89,14.0,0.02,0.0,19.67,5.4,17.47
0ax6XooGykc.jpg,0.0,5.06,0.0,15.67,0.95,0.38,15.53,18.53,43.88
0Cj35oMbb9Q.jpg,0.09,0.03,0.0,35.6,8.56,0.0,17.58,6.13,32.01
0e2__WsRZdg.jpg,3.25,3.56,0.07,30.3,0.18,0.2,12.6,11.91,37.93
0E4c8VDmUTk.jpg,1.76,1.4,0.0,25.82,0.16,0.0,26.51,8.47,35.88
0ENcrVkHwBY.jpg,0.23,0.92,0.06,17.92,4.8,2.01,20.48,13.18,40.4
0eTmLcoLe9s.jpg,14.78,12.64,0.73,17.0,0.6,0.0,0.56,41.66,12.03
0f3m80ZA8BM.jpg,1.29,1.74,0.0,11.27,8.96,0.0,13.54,9.48,53.72
0G5jfRhHsqg.jpg,0.09,0.11,0.0,7.14,16.07,2.51,42.51,10.69,20.88
0GVD-9hxk_s.jpg,7.36,2.6,0.0,31.71,0.86,5.11,10.36,23.06,18.94
0hjnu1Hjbo4.jpg,0.05,0.67,0.08,32.85,8.24,0.0,13.74,5.86,38.51
0icIUe7SCcQ.jpg,0.07,3.67,0.0,14.72,1.75,0.04,39.51,6.16,34.08
0ifwCzzCdvc.jpg,0.96,20.14,1.51,13.17,0.0,0.0,4.77,15.12,44.33
0IJm5TFpldU.jpg,0.0,0.15,0.0,34.26,0.0,0.0,17.03,5.26,43.3
0IMWasj76yU.jpg,0.01,0.14,0.02,6.2,0.28,0.0,75.64,1.06,16.65
0iNlBNR9PGE.jpg,0.0,0.0,0.0,17.44,23.15,12.73,34.95,8.8,2.93
0i_ZIWC0c1M.jpg,1.68,3.62,0.09,28.66,1.59,0.0,17.53,10.33,36.5
0JiN_E6wK-E.jpg,0.1,7.28,0.0,29.29,4.42,0.0,17.87,13.92,27.12
0KOXxVJx0sk.jpg,0.3,0.52,1.3,15.68,3.79,0.0,47.69,5.37,25.35
0KyvSgEO6Fc.jpg,0.24,0.48,0.0,26.42,22.72,0.0,15.77,19.53,14.84
0mDJwB6DLvg.jpg,0.0,0.24,0.0,33.7,0.0,0.01,17.59,13.75,34.71
0Mnau-zACiE.jpg,0.04,9.36,0.14,30.15,8.15,1.14,8.93,15.86,26.23
0nRXbv67-4M.jpg,4.39,1.7,1.0,20.83,2.02,0.0,16.24,13.53,40.29
0nVPBJnjzeI.jpg,1.81,6.96,0.0,26.99,2.77,0.48,14.68,10.68,35.63
0O2i843tdU4.jpg,0.0,1.44,0.0,22.11,0.01,0.0,20.33,7.49,48.62
0o5lQ6LZ4rI.jpg,0.01,20.32,0.0,14.05,0.0,0.0,29.67,1.49,34.46
0qIhFhM6eKw.jpg,1.02,3.78,0.0,19.9,2.97,10.19,11.11,6.74,44.29
0Qr12Zerphs.jpg,1.98,2.57,0.0,16.16,4.82,0.37,13.7,27.37,33.03
0r-T21BKkMk.jpg,1.07,1.93,0.0,16.59,1.19,0.0,29.96,9.92,39.34
0r3rU0ipuiQ.jpg,0.0,0.4,0.0,13.83,0.25,0.0,29.19,16.55,39.78
0Rge7nN8wss.jpg,0.28,8.72,0.0,12.61,1.62,1.09,27.15,6.76,41.77
0rqsRvyIvIc.jpg,0.93,3.75,0.0,11.02,63.23,0.0,12.61,1.45,7.01
0s6stvGVAEk.jpg,0.0,10.02,0.0,11.78,0.0,0.0,29.09,15.81,33.3
0SlWsnwIWN4.jpg,0.47,0.91,2.2,8.22,0.01,0.0,32.97,22.09,33.13
0UDH4y28YVQ.jpg,5.6,2.35,0.0,18.62,37.43,0.0,5.81,15.99,14.2
0UFz5YQk8o0.jpg,0.0,5.31,0.0,22.91,0.0,0.0,18.86,7.44,45.48
0uJu9JkxNwI.jpg,0.1,16.18,0.24,9.59,0.0,0.0,25.26,8.3,40.33
0yqdgfLWhpM.jpg,1.69,5.11,0.0,10.96,1.93,0.27,41.38,1.83,36.83
0zkiGw4F5Pw.jpg,0.0,2.39,0.0,40.8,0.0,0.0,20.04,0.56,36.21
0zyiBgLpoeE.jpg,0.0,6.19,0.27,16.49,2.55,0.0,7.39,24.42,42.69
0z_UIEHwskI.jpg,8.43,7.65,1.29,18.44,1.81,0.23,18.65,8.01,35.49
0_6HMZjStiQ.jpg,1.73,4.01,0.0,20.86,2.49,0.0,12.74,6.23,51.94
0_pTnqziRqo.jpg,0.39,2.51,1.24,21.48,0.89,0.0,23.63,1.44,48.42
1-4pxMY9rq8.jpg,0.0,0.0,0.0,7.77,6.75,0.0,42.69,0.36,42.43
1-b2aT0of_Y.jpg,0.39,2.78,0.18,10.13,0.16,0.0,60.26,1.89,24.21
1-m9KLTaeaI.jpg,1.4,4.47,0.3,9.33,2.15,5.52,37.28,9.74,29.81
12cGM8Quszs.jpg,1.82,10.79,3.17,15.64,1.22,0.0,29.15,11.27,26.94
12t-wjHSq5c.jpg,0.29,5.77,1.96,20.72,8.97,0.69,6.84,22.73,32.03
13wZEXCrprY.jpg,0.01,0.12,0.0,4.35,0.0,0.0,60.27,2.82,32.43
15O6Q7JINkE.jpg,2.21,2.09,0.0,23.1,2.33,0.0,36.89,11.97,21.41
160z2kH-pfQ.jpg,0.0,2.19,0.0,16.62,0.29,0.0,24.2,3.45,53.25
16GQKjDDrXM.jpg,0.0,12.15,0.0,56.55,3.77,0.0,10.07,3.52,13.94
17JEASUW0zI.jpg,0.01,1.01,0.0,22.89,0.0,0.0,15.11,8.25,52.73
18Iluqov9Xk.jpg,0.1,1.38,0.0,60.34,0.0,0.0,7.54,7.05,23.59
18oXZbC_RYI.jpg,0.0,1.16,0.0,29.38,4.62,0.0,16.82,21.93,26.09
196oXdYgBEs.jpg,0.0,0.72,2.01,3.25,2.41,0.0,45.17,0.57,45.87
1aZ4UYjlHEA.jpg,0.13,0.21,0.0,20.28,0.12,0.33,38.81,22.54,17.58
1C753eMNsKg.jpg,1.89,2.03,0.0,24.53,0.15,0.0,19.57,6.76,45.07
1Ccsgr9T69Q.jpg,0.07,0.17,0.0,28.16,12.62,0.0,6.22,33.11,19.65
1D9m0RkEwTg.jpg,3.33,8.22,0.0,21.42,4.88,0.0,20.25,12.38,29.52
1e0Aed3Xx2c.jpg,0.0,4.55,2.31,14.62,0.13,0.0,50.58,0.97,26.84
1FJE4khqN8c.jpg,3.14,10.94,2.12,23.83,0.76,0.0,18.02,15.64,25.55
1GHM1QQDSrI.jpg,1.89,18.06,1.19,5.64,0.84,0.0,28.74,1.31,42.33
1HEOo6a91yY.jpg,0.17,2.63,5.77,14.18,7.31,0.0,9.21,14.91,45.82
1kErCqgIVMk.jpg,0.0,0.08,0.0,29.38,13.6,0.0,15.15,9.34,32.45
1Kgct3YJoJU.jpg,0.0,4.94,0.0,26.8,0.01,0.0,10.34,9.04,48.87
1MCRXw7u1qs.jpg,7.02,3.48,0.0,11.08,10.9,5.87,25.29,8.46,27.9
1o_Zw6LbLnU.jpg,3.91,3.16,0.0,17.23,2.27,0.06,34.94,2.65,35.78
1qa9wW9Qghs.jpg,0.0,1.49,0.0,14.14,1.15,1.99,13.75,19.76,47.72
1qe4A4gGhIA.jpg,12.29,3.08,0.0,28.26,4.03,0.05,7.74,22.58,21.97
1QHRFZwKSMw.jpg,0.0,0.17,0.02,20.9,0.91,0.11,37.34,4.75,35.8
1qvAJGZYr3E.jpg,0.0,0.5,0.0,33.47,0.0,0.0,20.4,6.96,38.67
1REnqKrSTls.jpg,0.0,0.87,0.0,19.55,1.01,0.08,29.21,15.71,33.57
1rlXGI3NnTU.jpg,0.06,5.16,1.71,21.61,1.76,0.0,22.16,15.6,31.94
1Ucsm6J24Us.jpg,4.78,3.02,1.47,35.06,0.0,0.0,9.94,11.77,33.96
1yG9Kki_BNg.jpg,0.04,6.38,0.0,16.52,0.96,0.0,39.88,1.52,34.7
1YXmTTKljwk.jpg,0.0,0.41,0.04,21.09,30.66,0.04,7.97,25.1,14.69
20SwObTtOB8.jpg,0.0,1.54,0.14,5.23,0.22,0.08,68.92,1.13,22.74
227xidPFDng.jpg,0.08,2.32,1.7,23.42,0.02,0.01,25.5,4.25,42.7
23cDngtz2Mo.jpg,0.02,1.49,0.0,18.02,6.95,0.0,30.21,13.59,29.72
23GlZtU6eVY.jpg,0.0,0.0,0.0,36.09,0.3,0.01,27.29,10.41,25.9
23GYjckuz9E.jpg,2.58,2.42,1.77,5.18,0.0,0.24,29.79,2.34,55.68
23L8K7nOG_c.jpg,0.0,0.0,0.0,18.23,0.02,0.0,64.63,10.02,7.1
255FPlIIomg.jpg,2.79,4.23,0.28,35.99,0.9,0.0,20.43,12.73,22.65
27DfJdlizR8.jpg,0.0,0.07,0.0,26.39,0.33,0.0,19.23,14.01,39.97
27yofdZnH9s.jpg,0.0,1.54,0.0,22.57,0.0,0.0,33.82,2.59,39.48
28K1KJwvuBI.jpg,0.0,1.53,0.0,2.38,0.0,0.0,83.01,0.42,12.66
2cj-ZOqXn0s.jpg,3.43,1.29,2.95,36.1,0.46,0.0,27.65,11.64,16.48
2CLpCOnn-tk.jpg,0.0,6.16,0.0,28.29,0.0,0.0,8.35,9.3,47.9
2cSj4R5OqN0.jpg,0.0,2.1,0.02,27.16,0.0,0.0,13.56,18.27,38.89
2cXlM4qr8Lw.jpg,1.73,2.45,0.49,25.14,0.54,0.0,9.57,22.94,37.14
2DBEblhgaJk.jpg,0.01,1.16,1.43,13.9,5.09,20.42,23.82,4.65,29.52
2DIqmd6yQBY.jpg,0.0,0.04,0.0,11.35,0.02,2.7,31.11,18.05,36.73
2D_v3mrBmGI.jpg,3.1,7.61,2.4,18.04,3.67,0.0,25.4,12.39,27.39
2E-52BubRvM.jpg,0.92,7.31,4.95,18.19,0.0,0.07,32.23,15.75,20.58
2Emt_xXktmI.jpg,2.33,4.32,0.0,16.32,0.0,0.42,14.9,37.04,24.67
2FHnLyeuvt0.jpg,0.08,5.21,0.03,32.93,0.15,0.0,7.66,32.71,21.23
2ftG8JuMzz4.jpg,0.0,0.23,0.0,2.74,0.0,0.0,39.59,6.89,50.55
2g3Gu9cA_AU.jpg,0.0,0.0,0.0,34.58,0.0,0.0,0.05,11.14,54.23
2G4w9gH8iEs.jpg,0.0,0.74,1.21,24.02,0.27,1.12,22.64,9.96,40.04
2g63ty8ySoM.jpg,0.23,2.68,0.01,19.0,1.22,0.0,0.0,75.3,1.56
2gDO3w-Zv5Q.jpg,0.36,3.01,0.0,21.31,14.5,0.0,23.5,13.65,23.67
2GS8wQxCC9M.jpg,0.0,0.65,0.0,29.49,3.07,0.0,32.28,6.03,28.48
2HpGUdqGwdc.jpg,0.0,1.5,0.0,17.21,0.0,0.0,39.14,5.66,36.49
2IhEU5rzUOE.jpg,0.0,9.21,0.0,28.28,14.36,0.0,13.63,11.86,22.66
2iPplpNHjTQ.jpg,0.0,0.0,0.0,11.53,1.14,0.0,15.37,64.45,7.51
2JF7m9fNMBo.jpg,0.0,1.08,0.05,14.49,0.0,0.0,33.05,42.81,8.52
2j_1TomiT9Q.jpg,0.65,5.68,0.5,16.86,8.14,0.0,21.86,17.85,28.46
2l94S4_jMTY.jpg,3.99,7.11,0.93,11.48,0.39,0.0,24.26,7.43,44.41
2lXdrSXl9Io.jpg,0.16,5.57,0.0,22.7,1.11,0.0,7.31,6.71,56.44
2MJvug6QOgA.jpg,0.75,1.34,0.0,16.84,1.12,0.0,39.07,16.88,24.0
2n67uXYSG5c.jpg,0.28,2.31,0.0,18.97,0.06,0.55,8.64,7.0,62.19
2nb7W-iphsk.jpg,0.04,1.97,0.0,17.64,0.03,0.0,32.79,7.88,39.65
2ncOVB0wTtc.jpg,0.11,2.27,0.0,20.38,0.64,0.97,30.2,15.73,29.7
2Ol8aJTPEl4.jpg,0.58,8.69,1.28,51.92,1.67,0.1,4.55,12.04,19.17
2OT5Pcl4iF0.jpg,1.46,4.69,0.19,26.61,1.39,0.0,13.04,8.16,44.46
2pGWzr7QXtU.jpg,0.31,5.97,0.0,11.74,0.0,0.0,24.13,14.5,43.35
2Pn0MNwUjM0.jpg,0.0,1.86,0.0,10.19,0.08,0.0,32.38,1.71,53.78
2qgmxrekr0g.jpg,0.28,0.97,0.0,17.43,5.23,0.16,42.09,5.55,28.29
2qqc_Mx3zuI.jpg,0.18,25.86,0.0,12.94,6.66,1.99,5.53,5.11,41.73
2S4TBBvNJ7E.jpg,0.15,0.1,0.0,7.24,53.97,28.0,6.69,2.96,0.89
2sb7GzhpLBQ.jpg,0.0,0.0,0.0,13.56,0.0,0.0,38.77,5.1,42.57
2shoun41cW0.jpg,0.0,4.47,0.42,25.43,0.0,0.0,7.89,26.26,35.53
2sZh5FtJRb8.jpg,0.0,0.0,0.23,35.7,0.0,0.0,19.72,9.62,34.73
2TETrMU1Q3I.jpg,0.42,5.04,0.0,24.88,13.18,0.0,16.4,6.72,33.36
2TghJw4IZZ0.jpg,0.11,2.56,0.1,17.2,0.04,0.0,50.33,2.06,27.6
2TkGKRUcH9M.jpg,0.05,0.47,0.0,16.78,0.33,0.0,30.76,2.41,49.2
2TmagN6RhkI.jpg,0.0,2.36,0.0,24.62,0.0,0.0,21.13,30.85,21.04
2v29gYhPgkI.jpg,0.06,8.91,0.0,20.72,2.95,0.29,14.35,4.36,48.36
2w7MEv0-yMs.jpg,0.85,15.56,0.0,3.94,0.15,0.0,19.72,10.83,48.95
2xD1WA0YVUE.jpg,0.0,0.0,0.0,21.52,0.0,0.0,41.17,1.41,35.9
2xLHVJNTjn4.jpg,0.34,1.2,0.0,24.37,0.13,10.13,16.89,21.37,25.57
2xzBWVrG27M.jpg,0.11,0.51,6.18,21.92,2.58,0.0,9.4,28.19,31.11
2Y5LjRWFfkk.jpg,10.37,9.99,3.47,9.75,1.77,0.24,28.01,9.24,27.16
30f7VYKKd2s.jpg,3.35,2.41,0.37,48.74,0.82,0.0,17.58,0.37,26.36
30NXj6O44r8.jpg,0.22,12.77,4.36,14.72,4.77,0.0,17.1,4.31,41.75
32nRdJOPP-4.jpg,0.01,2.36,0.0,8.12,5.07,0.01,14.29,7.64,62.5
33Q14vlsZqo.jpg,0.0,0.0,0.0,14.38,8.42,0.0,31.84,4.81,40.55
34VMEMaI3vw.jpg,0.08,1.39,0.37,18.01,0.92,0.0,23.45,16.33,39.45
35THbgakNBk.jpg,2.14,7.98,0.0,9.66,1.81,0.0,28.4,6.89,43.12
37rYKJfsYmo.jpg,0.04,1.27,2.78,26.89,1.02,0.0,10.29,29.02,28.69
39s28fwxQfM.jpg,1.56,9.22,4.01,18.4,5.36,0.0,26.78,14.63,20.04
3B3unElpNwQ.jpg,1.91,8.65,0.0,34.05,0.0,0.0,9.42,22.91,23.06
3b6lSIIqnUs.jpg,0.0,0.02,0.0,2.47,4.51,0.0,44.16,0.17,48.67
3bZp6Tauo5c.jpg,0.0,11.51,3.76,9.17,53.2,0.0,9.13,0.88,12.35
3DJpy-yikrc.jpg,0.0,4.28,6.28,32.56,0.15,0.0,6.84,14.04,35.85
3DUQ5TCoQyk.jpg,0.08,6.05,0.0,40.39,1.15,0.0,14.64,4.01,33.68
3eWmsTsgWkQ.jpg,0.33,2.2,0.47,15.93,0.66,0.0,35.63,6.39,38.39
3F0lW3HehjE.jpg,3.47,21.28,0.0,4.75,0.0,0.48,12.36,6.57,51.09
3fPIsGv3eik.jpg,1.71,17.86,0.66,13.88,18.68,0.0,3.39,14.69,29.13
3GfHcEvWfIo.jpg,4.69,1.94,4.12,12.67,4.75,0.0,28.85,3.41,39.57
3GkauoR2xgE.jpg,0.0,0.42,0.0,26.91,0.07,0.0,17.52,21.7,33.38
3gXTOa6Zskw.jpg,0.32,16.72,0.0,2.74,3.43,0.0,18.45,4.96,53.38
3hc7N_uOHdw.jpg,1.46,7.27,5.73,10.36,6.27,0.0,25.94,16.71,26.26
3kftPeWMvLk.jpg,0.01,1.82,0.11,40.1,0.59,0.0,5.77,30.67,20.93
3ksZkJHTlOc.jpg,0.0,0.07,0.07,7.75,2.82,0.0,55.73,1.61,31.95
3Lz2ntvDBFQ.jpg,0.02,5.77,0.08,25.06,7.26,0.0,17.59,4.06,40.16
3n1nspLgfd4.jpg,0.04,0.55,0.0,24.13,0.19,0.01,13.63,15.2,46.25
3NHSsHi3h0M.jpg,0.0,0.06,0.0,26.74,1.12,0.0,22.24,20.68,29.16
3oTOIi8ysLo.jpg,0.18,3.95,0.01,30.54,0.36,0.0,26.45,1.93,36.58
3PKGOy6PoiQ.jpg,0.0,0.0,0.0,30.79,17.71,0.0,25.63,12.16,13.71
3QFkmOO9Tl8.jpg,0.02,2.75,0.16,17.14,0.67,0.06,13.92,15.9,49.38
3Qfr55KRGgE.jpg,0.4,1.39,0.29,32.51,11.96,0.0,9.72,19.18,24.55
3rKffuFJYNk.jpg,0.61,5.56,1.26,29.66,0.88,0.74,15.9,20.13,25.26
3rRNKYvoDsQ.jpg,0.02,3.69,0.0,20.88,7.85,0.0,19.55,4.75,43.26
3sNSRgq-4l8.jpg,1.1,3.49,0.0,15.95,0.0,0.0,16.01,5.05,58.4
3sVrbsvXWQ0.jpg,0.01,1.58,0.0,17.79,0.91,0.0,19.38,8.42,51.91
3tdQO7zvmcA.jpg,0.12,0.56,3.38,38.13,1.35,0.0,11.05,6.79,38.62
3TxugOC8su0.jpg,0.93,2.75,0.0,37.65,0.06,0.03,8.87,10.03,39.68
3uEH8rj5cw8.jpg,0.01,0.91,0.0,10.48,0.89,0.0,28.89,4.38,54.44
3UI99FyrUc4.jpg,3.82,8.95,3.43,14.33,1.74,0.02,31.79,3.05,32.87
3uOf_FMbW54.jpg,0.0,4.25,0.04,15.68,0.01,0.0,27.94,40.77,11.31
3uSIf529AOg.jpg,0.72,11.41,3.86,20.61,0.48,0.0,17.54,16.75,28.63
3vouclvykqE.jpg,0.0,0.05,0.0,13.2,1.84,0.32,41.37,11.56,31.66
3wP6uF6KEU4.jpg,0.45,0.27,0.0,55.97,2.65,0.0,13.83,9.28,17.55
3x5rJk4R4gE.jpg,0.11,0.44,0.0,19.42,0.18,0.0,3.99,52.59,23.27
3xy9jS1KwvY.jpg,0.03,1.7,0.03,24.49,2.93,2.98,11.94,13.66,42.24
3y0EwY-WGBQ.jpg,0.73,15.34,0.03,17.8,0.91,0.58,16.32,31.16,17.13
3_ms_C3ElA0.jpg,0.0,0.37,0.0,27.48,0.0,0.0,30.56,9.7,31.89
401ZvQ11euA.jpg,0.0,0.23,2.0,14.4,40.07,0.0,9.84,18.0,15.46
41WyfyapTw0.jpg,0.0,0.05,3.3,10.1,19.85,0.0,34.1,9.09,23.51
42sibaGVjY8.jpg,0.02,0.92,0.4,31.87,0.49,2.24,20.82,4.63,38.61
42t6Jk4JXrA.jpg,8.53,1.63,0.0,17.4,0.05,1.33,21.72,19.54,29.8
43SNx2y2Zt0.jpg,0.07,0.03,0.0,15.86,10.77,0.01,28.64,3.83,40.79
45j2p4FEI_o.jpg,0.0,0.1,6.37,29.38,0.0,0.0,14.1,18.56,31.49
45MuxKYi-t0.jpg,0.14,1.73,0.71,24.45,0.13,0.0,18.29,14.88,39.67
45nukMR5A_c.jpg,0.0,0.62,0.0,22.03,2.29,0.41,23.28,21.59,29.78
479RSxJ3Ml4.jpg,4.52,8.28,0.62,23.73,1.36,0.0,13.84,19.12,28.53
49-rTbR5bss.jpg,0.07,0.06,0.76,31.24,1.82,0.0,14.75,21.91,29.39
4cCKve0dl3Y.jpg,0.0,5.39,0.0,19.97,0.0,0.0,23.51,7.94,43.19
4CIjiNM_p6M.jpg,0.0,0.73,0.01,5.35,0.0,0.0,56.95,9.11,27.85
4DEqwJI-vdg.jpg,6.02,6.2,1.94,22.38,0.05,0.0,9.44,14.36,39.61
4Fge8RG2zYU.jpg,0.0,1.05,0.0,16.82,6.15,20.4,26.23,7.19,22.16
4gZVxxSeAn0.jpg,0.0,1.37,0.0,9.53,0.0,9.35,55.6,8.23,15.92
4JyhBkXMymo.jpg,0.0,1.58,0.0,22.9,0.0,0.0,24.32,7.29,43.91
4j_8rEyYEXw.jpg,0.0,1.6,0.0,35.78,0.0,0.0,14.06,29.36,19.2
4kXOQ2NOkxY.jpg,0.0,0.0,4.87,21.31,0.0,0.0,13.97,3.78,56.07
4l2eIDF9HZA.jpg,3.11,10.8,0.0,24.08,0.0,0.0,13.11,12.61,36.29
4OiOwDh5lKE.jpg,0.03,0.13,0.0,35.32,19.22,1.67,6.01,20.14,17.48
4OSt6WQ2K8A.jpg,1.41,3.68,0.34,20.06,15.97,0.06,11.54,28.37,18.57
4OTAXBjCb10.jpg,0.0,0.01,0.0,41.51,0.01,0.0,19.75,12.44,26.28
4OzEgHVD5PA.jpg,0.0,22.82,1.52,6.28,0.0,0.0,13.01,3.87,52.5
4QJa07djrLY.jpg,0.12,0.65,0.0,22.58,0.99,0.0,9.75,5.99,59.92
4QMHfDx_LpM.jpg,0.0,0.11,0.0,19.48,0.0,0.0,47.64,16.1,16.67
4RRAgEb5r7Q.jpg,0.0,16.78,0.0,2.34,0.0,0.0,17.0,6.34,57.54
4SOtYIJpO3w.jpg,0.0,0.35,0.0,23.84,2.4,0.0,34.86,4.57,33.98
4TcUHcCj6To.jpg,0.0,3.02,0.0,3.02,0.0,0.0,63.67,15.03,15.26
4tDgX4VizyU.jpg,0.0,0.0,0.0,27.03,0.0,0.0,17.71,2.65,52.61
4uooe-9JKLI.jpg,2.88,9.57,0.19,21.12,1.13,1.58,19.6,10.77,33.16
4WQ17A_DBWs.jpg,0.07,0.2,0.0,17.9,1.08,0.35,18.54,8.22,53.64
4wY_xiZrl1I.jpg,0.04,2.21,0.0,26.09,1.78,0.0,10.15,22.72,37.01
4YxAhOFHLxs.jpg,6.27,28.31,0.84,7.01,1.83,3.34,15.11,5.22,32.07
4ZlCwZj90Jk.jpg,0.05,5.51,0.18,13.23,2.55,10.53,17.16,18.97,31.82
4zzhCbQE5iQ.jpg,0.07,3.49,0.0,18.32,0.0,0.09,4.97,2.62,70.44
5-9kuktuMAY.jpg,0.15,2.22,0.0,21.33,0.0,0.07,26.77,18.0,31.46
5-DQpJj2j9s.jpg,0.09,3.64,1.69,16.18,10.57,0.0,14.78,32.08,20.97
5-nceCopalU.jpg,4.35,2.95,0.0,16.5,17.84,7.32,20.64,11.57,18.83
50pNiKZZwUM.jpg,0.01,2.43,0.52,8.12,5.82,0.71,21.53,6.81,54.05
51WJrV0aKPs.jpg,0.0,2.56,0.0,30.11,0.92,0.0,13.06,4.74,48.61
53xojRfttn8.jpg,0.8,5.58,0.0,12.58,0.0,0.0,25.64,8.59,46.81
543Un3Rjabg.jpg,0.0,0.92,0.0,22.88,3.85,0.0,17.43,5.75,49.17
56_MEV8ClLg.jpg,0.19,2.69,0.0,15.53,3.2,0.0,17.65,4.51,56.23
57TY0y5zpe0.jpg,1.93,5.56,0.33,24.34,0.33,0.0,17.97,2.73,46.81
58UzixzNCh4.jpg,0.0,0.14,0.0,6.46,13.51,0.0,37.15,9.17,33.57
59ruWusoMsY.jpg,0.0,0.0,0.0,5.23,0.0,0.07,53.11,4.84,36.75
5ABdJMdZX_s.jpg,0.0,5.24,0.0,8.08,1.38,0.05,38.17,4.18,42.9
5AxdLyBlvhw.jpg,0.08,0.76,0.0,26.34,12.58,0.0,32.69,8.14,19.41
5bnWQLbGuKc.jpg,0.01,0.98,0.0,9.34,5.79,20.39,26.05,1.45,35.99
5coE3hlNJ3I.jpg,7.79,4.33,0.19,5.42,1.22,0.32,48.27,2.59,29.87
5d7EYahP4Bg.jpg,0.0,0.35,0.31,7.7,0.6,0.01,45.88,2.14,43.01
5dOG_pW1mk8.jpg,0.07,16.74,0.0,20.63,0.0,0.03,10.47,17.27,34.79
5eoPZMtIUBw.jpg,0.84,1.31,0.8,9.02,0.56,1.75,18.31,3.4,64.01
5gwTgaGCyYE.jpg,7.14,1.45,0.0,18.88,0.91,0.0,18.88,16.19,36.55
5JAvzI-ZP14.jpg,0.0,0.34,0.04,29.79,0.0,0.0,12.25,37.15,20.43
5Khf5QBf0ss.jpg,0.0,0.0,0.0,32.72,3.96,0.0,17.51,15.85,29.96
5Kiy94DYJk0.jpg,0.23,0.89,0.46,23.23,3.6,3.23,23.22,23.09,22.05
5KQH4Xvco4c.jpg,6.19,2.05,2.28,6.61,3.31,2.51,24.85,7.05,45.15
5l0FJ_t4NQo.jpg,0.0,0.0,3.22,25.36,0.0,0.0,20.46,6.88,44.08
5LW1VDVgr6k.jpg,8.26,3.3,0.28,13.85,1.13,0.0,23.02,20.38,29.78
5mlZPHOKh60.jpg,0.0,6.34,0.0,15.89,1.11,1.86,17.54,7.17,50.09
5N6hNyg43IY.jpg,0.0,0.0,0.02,8.58,0.08,0.0,78.97,1.09,11.26
5OsH70IAD1A.jpg,0.0,6.05,4.72,21.48,0.01,0.0,17.22,24.95,25.57
5oZQfIs_-8s.jpg,0.0,4.3,0.0,10.61,0.0,0.0,43.34,18.96,22.79
5PT1wLx87UE.jpg,0.34,0.61,0.0,18.13,0.0,0.0,28.99,18.32,33.61
5Puy1Px2YYc.jpg,0.93,0.54,0.0,25.44,0.18,0.0,7.87,7.51,57.53
5rRwJuCdNDo.jpg,2.05,1.92,0.2,19.08,0.4,0.0,32.89,13.4,30.06
5seK3IKQZDw.jpg,0.0,1.04,0.0,0.18,0.0,0.24,91.9,0.0,6.64
5ux5BrTZwXM.jpg,0.0,3.02,0.0,18.75,0.42,0.0,23.01,6.01,48.79
5VXiVRQIFLs.jpg,0.0,0.0,0.0,25.22,0.0,0.0,17.19,4.53,53.06
5wuUNfOBBjc.jpg,0.06,2.28,0.0,27.17,0.58,0.0,26.87,6.98,36.06
5XCy01h0N3w.jpg,0.27,2.44,0.0,24.81,0.89,0.0,23.65,13.91,34.03
5xiTu6aUkQE.jpg,0.12,18.83,0.97,6.19,0.0,0.0,19.32,5.38,49.19
5xjSpw04q8k.jpg,0.06,0.0,0.0,13.99,0.5,0.0,33.99,11.02,40.44
5xVeZrpVzow.jpg,4.51,3.52,0.0,12.96,0.2,0.15,20.59,11.18,46.89
60RF_6NQQu8.jpg,0.01,0.41,0.42,27.78,0.71,0.0,14.83,34.71,21.13
61AVQo4qIYg.jpg,0.0,0.02,0.0,50.81,3.86,0.02,25.24,2.21,17.84
62WGyHcb8So.jpg,0.27,3.91,1.85,7.04,1.87,0.0,33.74,5.15,46.17
675kMpNG0L8.jpg,0.0,0.0,0.17,38.89,0.0,0.0,19.94,10.74,30.26
67n-hrCYiSI.jpg,0.0,0.63,0.0,57.32,0.0,0.0,11.38,0.52,30.15
69CZQlrfkkU.jpg,0.05,0.45,2.39,31.29,2.56,0.0,12.45,20.24,30.57
6br0dqmMfPo.jpg,0.0,0.31,0.0,34.69,0.0,0.0,16.14,21.89,26.97
6BZm8EvZXpQ.jpg,0.06,2.15,0.69,15.85,1.72,0.0,30.87,30.87,17.79
6BzWXEy4t14.jpg,0.0,0.11,0.0,9.09,0.04,0.04,58.06,1.01,31.65
6fnKelBiaDk.jpg,0.7,3.04,1.58,22.9,1.2,0.0,24.05,14.67,31.86
6ftiWoCJ4dM.jpg,0.0,0.05,0.0,15.11,0.0,0.0,31.27,14.68,38.89
6gCEl31uiE8.jpg,0.0,11.14,0.0,18.3,0.0,0.0,3.64,44.34,22.58
6hIu5oIB9n0.jpg,2.44,7.69,0.0,16.27,0.69,0.0,25.12,3.32,44.47
6jS9lvibXVU.jpg,0.14,7.38,0.0,32.65,4.2,0.0,10.59,16.37,28.67
6k6bjBniE4Q.jpg,1.95,3.16,0.0,17.78,0.25,0.0,12.56,12.84,51.46
6kgyyJxRWTU.jpg,0.0,1.07,0.0,22.34,19.73,0.0,14.06,32.19,10.61
6Ko-j7nzMHg.jpg,0.07,4.93,0.9,24.37,1.83,1.46,8.1,12.79,45.55
6lZVXJlqN7s.jpg,0.08,1.02,0.2,24.18,2.08,0.44,12.74,17.78,41.48
6m57KaHerG0.jpg,0.0,0.01,0.0,34.94,0.07,2.1,4.31,40.05,18.52
6MGjjWLbhD0.jpg,27.8,2.97,1.26,20.06,0.0,0.0,14.91,4.65,28.35
6Mhtr5yE-kc.jpg,0.02,0.89,0.04,31.95,0.34,0.0,14.28,15.33,37.15
6n2REq_FiWM.jpg,1.3,8.34,0.25,22.19,3.14,0.51,8.99,19.78,35.5
6ndkOSiGOe4.jpg,0.03,7.76,0.02,13.08,0.07,0.0,28.06,13.02,37.96
6p6ZYZ4vHE4.jpg,0.0,0.84,0.0,29.04,18.05,0.0,25.56,11.8,14.71
6PgoxhEjKS0.jpg,0.06,0.51,0.0,17.0,0.0,0.0,34.67,13.04,34.72
6qGkTAS3j5o.jpg,0.0,0.02,0.0,28.74,0.0,0.18,31.42,25.12,14.52
6sECozSy7FY.jpg,0.0,5.3,0.0,20.68,1.01,0.0,16.79,4.44,51.78
6SqnPdh85fw.jpg,0.25,1.59,0.0,23.65,0.46,0.0,37.69,4.75,31.61
6tHy-Kie0GY.jpg,1.14,4.77,0.88,42.63,0.36,1.18,4.64,29.09,15.31
6TiMvS0rE2I.jpg,0.0,0.02,0.15,11.36,0.0,0.0,49.85,17.15,21.47
6TiRTK7dfXw.jpg,1.57,1.35,0.69,19.73,1.14,0.0,45.41,2.6,27.51
6um6YczI0qk.jpg,0.0,0.34,0.05,21.69,20.23,0.17,15.61,7.41,34.5
6v04kR5QDOA.jpg,0.0,3.52,0.0,17.41,31.72,0.86,7.63,8.5,30.36
6VBPJGD2d7w.jpg,4.16,3.55,0.14,38.54,0.0,0.57,17.86,16.81,18.37
6VzkSdMg1tM.jpg,0.73,4.87,5.43,26.04,3.82,0.92,11.99,16.84,29.36
6wA8OMptkio.jpg,1.81,1.69,0.0,10.94,1.05,0.0,27.16,4.68,52.67
6XyGH06X2aY.jpg,0.0,1.88,0.0,41.18,0.0,0.0,6.05,24.97,25.92
6Y1r34RBXpk.jpg,0.01,7.6,0.41,10.97,0.31,0.4,29.59,2.04,48.67
6ZxnCsOKDww.jpg,0.05,0.19,0.44,10.6,0.7,0.0,6.92,20.23,60.87
71BQ4YNhVxA.jpg,0.15,1.35,11.19,28.24,3.12,0.11,17.77,3.91,34.16
72FTaFoM3Dk.jpg,0.0,0.0,0.0,27.73,0.0,0.0,19.5,0.15,52.62
736HThq9YRM.jpg,7.22,24.89,0.01,7.02,0.0,0.0,11.83,13.28,35.75
74Fz4onYqGY.jpg,2.56,3.79,0.92,23.01,12.66,0.04,15.48,5.51,36.03
770rppR5wRM.jpg,0.18,0.8,0.0,18.66,0.0,0.52,42.32,5.95,31.57
77jBJ2oe7e0.jpg,0.0,1.66,0.0,52.06,0.24,0.0,10.14,11.46,24.44
77NkGBRuapw.jpg,0.0,0.6,0.0,12.47,0.55,0.0,17.74,2.49,66.15
79p57XNf8Os.jpg,2.75,2.9,3.98,25.48,0.52,0.0,11.73,29.95,22.69
7Bd3IWiuVgE.jpg,0.01,1.91,0.0,32.89,0.2,0.0,21.79,16.38,26.82
7BE8xhIVNbs.jpg,0.0,1.94,0.0,27.86,0.22,0.0,14.89,9.44,45.65
7DbQ0qmSrIc.jpg,0.0,0.34,3.79,42.17,2.25,0.0,24.48,7.69,19.28
7DkmB-btFfY.jpg,0.02,13.84,0.12,19.71,0.0,0.0,18.88,8.69,38.74
7Ea4f1TT9r4.jpg,0.2,0.03,0.0,17.12,1.89,0.0,32.13,12.75,35.88
7G38mOd4or8.jpg,0.12,4.69,1.34,34.68,8.09,0.12,9.36,15.39,26.21
7HmaEa1cRWk.jpg,3.55,1.77,0.0,49.86,1.98,0.04,11.79,4.8,26.21
7i9At3fld3Q.jpg,1.96,3.56,0.0,31.18,6.27,1.08,1.77,39.1,15.08
7jDrzdX2Ucc.jpg,0.0,0.98,0.39,23.36,0.0,0.0,10.62,33.76,30.89
7kE0sj0R8mE.jpg,0.12,10.43,0.0,18.06,0.69,0.0,20.39,6.54,43.77
7ltfXT5hdRQ.jpg,0.0,1.78,0.0,33.38,9.34,0.0,21.97,6.43,27.1
7MPbFfQlXkI.jpg,6.15,9.15,0.0,12.5,0.9,7.08,11.39,4.71,48.12
7mvvufB7rlQ.jpg,0.12,0.02,0.0,29.9,2.21,0.0,19.6,34.93,13.22
7ngJLi9cgYs.jpg,4.29,4.29,0.0,19.43,0.01,0.0,23.54,15.25,33.19
7NMm60VwNnU.jpg,0.03,9.17,0.0,13.61,0.0,0.0,11.42,27.24,38.53
7ObTYEQRcBs.jpg,0.0,2.47,0.0,17.46,0.0,0.0,23.82,11.02,45.23
7OnrK3EmFa4.jpg,0.0,0.88,1.46,31.46,1.17,0.0,12.47,19.33,33.23
7pD0XOWc5nU.jpg,0.0,0.0,0.0,28.47,0.08,0.0,37.89,9.29,24.27
7RJu-I7FndQ.jpg,0.11,0.71,7.52,25.12,2.3,0.15,21.38,8.1,34.61
7rNoNprvS4U.jpg,0.14,1.35,7.61,9.74,8.79,1.11,11.53,13.89,45.84
7Sp71mIqyfM.jpg,0.29,25.47,0.0,9.81,0.0,0.0,13.96,4.59,45.88
7Ud67OkzpQs.jpg,0.01,2.5,0.0,24.2,0.24,0.0,14.24,8.59,50.22
7VN3Ck1ZGEs.jpg,4.14,3.3,0.0,23.27,15.64,7.05,20.0,10.44,16.16
7WCTTAGYN5Y.jpg,0.75,20.47,0.42,13.76,0.0,0.28,2.27,27.38,34.67
7WQdBSWfixI.jpg,0.11,3.12,0.0,13.92,0.03,0.5,12.6,24.26,45.46
7WsksXmb3CQ.jpg,0.0,0.09,3.72,18.48,0.17,0.0,13.41,7.66,56.47
7XPHGhEZF2A.jpg,1.24,2.78,1.65,33.58,1.6,0.0,19.65,14.98,24.52
7Y7ZcQgXMSA.jpg,0.05,2.5,0.01,17.39,0.0,0.0,13.9,40.26,25.89
7yEFkxss_i8.jpg,0.0,0.0,0.13,15.03,0.0,0.0,3.47,75.25,6.12
7YUERW_rvzI.jpg,0.0,3.97,4.69,23.87,0.05,0.0,23.13,7.84,36.45
7zaMbzqj8AI.jpg,0.05,5.31,0.12,20.17,2.55,0.0,17.23,18.68,35.89
7ZK_w2w9obo.jpg,0.02,0.46,1.81,17.12,0.08,0.0,24.53,23.68,32.3
7zNSjbWBo90.jpg,0.02,7.23,0.0,12.45,0.0,0.0,6.53,36.56,37.21
7_hNGE5sn-g.jpg,0.08,0.24,0.02,24.23,4.12,0.0,26.47,3.56,41.28
80oICq8QAew.jpg,0.0,0.34,0.0,6.0,0.0,0.0,31.64,14.43,47.59
82dNxf_pWFE.jpg,0.0,3.07,0.0,31.65,0.02,0.0,11.32,3.52,50.42
82iwdUjVZMc.jpg,0.36,6.13,0.27,19.36,1.55,0.0,16.36,25.9,30.07
84fQk0qUAsQ.jpg,0.01,0.16,0.0,22.77,1.12,0.28,31.36,2.77,41.53
84zd0pIlcXo.jpg,0.23,6.54,2.23,19.02,0.99,0.0,30.84,10.66,29.49
86gs985X5tU.jpg,0.45,7.18,0.0,5.35,1.23,0.0,54.02,2.42,29.35
86ZDNvmGZC8.jpg,0.71,10.62,1.21,7.98,0.52,0.0,59.16,1.6,18.2
87If-Q2pJWQ.jpg,0.01,6.04,0.24,22.53,0.78,0.0,19.45,12.29,38.66
87q34iZbUXM.jpg,0.2,1.2,0.0,41.4,3.7,0.0,20.86,2.99,29.65
8a1Hsah_yuA.jpg,0.0,4.47,0.0,29.39,0.0,0.0,3.57,13.25,49.32
8AoRrFwRcZc.jpg,0.03,0.37,0.0,21.52,6.96,0.0,26.01,6.69,38.42
8baHlJrFQ4w.jpg,0.11,0.56,0.02,18.53,5.52,0.87,30.98,10.04,33.37
8d8tfV1uBn4.jpg,0.0,18.28,1.06,9.84,0.0,0.0,6.19,5.83,58.8
8DMKzuGsBao.jpg,0.46,17.44,0.95,18.94,0.0,0.77,9.31,14.96,37.17
8f0-OcYW5zA.jpg,0.04,1.58,0.0,21.65,2.77,7.92,20.31,16.73,29.0
8G6-h5XFgbM.jpg,0.14,7.2,9.09,27.72,0.76,8.91,6.67,19.45,20.06
8HG8lmI2Dyg.jpg,1.27,4.74,0.0,12.08,0.58,0.0,20.13,7.0,54.2
8kcD3vk12AY.jpg,0.01,0.46,0.0,16.29,6.03,10.44,31.86,6.35,28.56
8KIMFLiprXo.jpg,0.06,0.77,0.0,19.32,1.85,0.0,33.79,7.0,37.21
8KkXk5XEZgY.jpg,7.43,7.07,0.14,18.79,0.44,0.0,21.85,7.25,37.03
8l4FjqCF7sE.jpg,0.0,0.0,0.0,32.61,0.0,0.0,8.37,11.81,47.21
8M5VTBEQGso.jpg,10.63,2.65,0.0,14.47,2.95,0.0,24.8,6.39,38.11
8mPk9KW_5XE.jpg,1.16,0.98,1.51,21.55,0.0,0.3,9.23,31.15,34.12
8nYDDMN3JlA.jpg,0.0,0.0,0.0,10.32,0.99,0.25,49.56,9.48,29.4
8P9QdIHT3sk.jpg,0.08,15.73,0.16,20.85,0.45,0.0,10.78,8.39,43.56
8qCqpy2emLk.jpg,0.11,4.66,0.0,25.32,0.29,0.0,14.93,0.87,53.82
8QhrjzWjbGE.jpg,0.0,3.78,0.0,25.69,2.0,0.0,5.4,28.84,34.29
8Rg0U7RW1ww.jpg,3.29,2.13,0.05,26.83,0.55,1.7,22.39,11.55,31.51
8shGtApcXNU.jpg,9.95,2.03,0.0,10.12,0.0,0.0,48.88,8.65,20.37
8sXHEs-bfi8.jpg,7.9,3.23,0.0,14.62,15.26,5.77,20.34,6.15,26.73
8Uc8HZrTqr0.jpg,7.59,4.31,0.0,11.81,0.22,0.21,45.7,2.81,27.35
8UQB5t_euOI.jpg,0.1,7.18,0.0,20.03,6.46,0.0,10.99,6.55,48.69
8w-X-NU-p9U.jpg,0.0,0.11,0.0,30.9,5.74,0.0,10.27,23.54,29.44
8WdK8j3Cndw.jpg,0.34,16.74,0.0,7.47,3.73,0.0,16.27,6.55,48.9
8WOHRXf1sj0.jpg,0.86,12.28,6.14,15.46,5.62,0.1,26.76,15.21,17.57
8XMh30agFpk.jpg,0.73,4.77,0.59,12.78,1.12,0.32,29.0,8.48,42.21
8X_d-IVydP4.jpg,0.0,0.0,0.0,55.2,0.14,0.0,13.56,8.02,23.08
8zDbtAfmokY.jpg,2.1,29.78,0.2,5.15,0.0,0.13,3.37,7.43,51.84
8Zw4O3ZXdfQ.jpg,0.85,2.44,0.0,26.01,1.23,15.45,7.19,10.56,36.27
8_A_aV_PjYE.jpg,1.91,6.2,0.0,9.59,26.52,0.0,5.46,23.94,26.38
8_wGkSYK3Yk.jpg,2.07,2.76,0.5,28.31,2.67,0.0,26.77,8.23,28.69
92rUJQFLbnI.jpg,2.89,6.26,5.47,15.28,1.49,0.0,18.27,6.13,44.21
95xSTaZ6d70.jpg,0.03,1.68,0.39,18.77,3.82,0.0,19.57,23.1,32.64
9BH-FsQS_Y8.jpg,2.81,2.41,0.96,15.6,0.0,0.0,47.08,3.99,27.15
9BIzz1Fqhgk.jpg,4.36,12.88,0.07,38.75,0.0,0.0,9.28,8.85,25.81
9bW4p2CvkNY.jpg,0.27,0.2,0.95,24.81,2.07,0.0,17.42,24.5,29.78
9cd2ILefikA.jpg,0.11,0.78,0.09,16.54,0.41,0.02,41.32,10.09,30.64
9dUzCi1YGQ4.jpg,0.0,1.28,0.0,14.03,6.58,0.0,40.22,4.12,33.77
9E0_8KPvOt0.jpg,0.0,67.5,0.0,17.56,0.0,0.0,0.07,2.11,12.76
9eeejXbcOa4.jpg,0.0,2.11,0.0,16.41,0.44,0.0,26.27,20.74,34.03
9fKsaaUZgbs.jpg,0.0,0.0,0.0,8.51,0.0,0.0,63.74,11.15,16.6
9ge3G_sWFlw.jpg,3.87,2.56,0.13,28.14,4.78,0.0,0.65,49.81,10.06
9iinyVgYTu8.jpg,5.52,2.74,3.29,19.08,2.24,0.0,12.59,27.75,26.79
9IiRJUesFNk.jpg,0.08,1.7,0.0,6.85,0.24,1.49,41.94,5.97,41.73
9jTY_F3I8OI.jpg,2.58,14.01,2.31,23.38,0.56,0.0,18.07,7.87,31.22
9kHEGh0S2E4.jpg,0.12,0.69,0.0,17.5,9.47,0.0,26.25,4.99,40.98
9LnHXmnWMZ8.jpg,0.0,0.0,0.0,14.46,22.95,0.0,39.89,0.78,21.92
9nbuNLU2S-U.jpg,0.04,2.28,8.5,18.07,0.0,0.0,35.92,8.97,26.22
9pyrNSKb16Y.jpg,1.38,15.14,0.53,14.64,3.88,0.67,26.39,13.99,23.38
9Q5NLLmgCFw.jpg,0.0,0.86,0.0,19.21,0.0,0.0,25.16,13.11,41.66
9Qlof7jPQpg.jpg,0.02,4.35,0.0,14.23,3.39,0.07,21.22,4.99,51.73
9sAZ50a_l5M.jpg,2.28,2.4,0.0,9.77,1.15,0.0,27.14,2.61,54.65
9t6PWAbylh4.jpg,0.0,2.2,0.32,21.61,0.0,0.42,25.04,1.31,49.1
9t7JItsq3as.jpg,0.08,10.85,0.0,33.72,5.54,0.0,5.63,7.24,36.94
9VHlFHJOoF8.jpg,3.07,5.74,0.25,23.35,0.41,0.0,20.82,4.61,41.75
9vYMByRngU8.jpg,13.78,14.58,0.0,11.72,0.0,0.0,15.79,9.29,34.84
9XZDbjG2Hf8.jpg,0.24,1.7,0.0,11.07,0.64,0.0,44.86,14.07,27.42
9zoaiIkFwiI.jpg,0.0,2.1,0.11,22.24,0.0,0.0,26.72,26.22,22.61
9_7UvrHiy6k.jpg,0.59,6.77,0.0,23.46,6.66,0.43,17.27,19.25,25.57
9_Iu3w6DVyQ.jpg,0.01,5.91,0.0,36.04,0.86,0.0,20.09,7.94,29.15
A-qi6EZGJgM.jpg,0.0,11.49,0.0,10.93,0.0,0.0,19.27,11.96,46.35
A07-gmV4Mos.jpg,3.34,4.67,0.0,21.36,1.73,0.0,13.98,21.01,33.91
A08KjPeqgl4.jpg,10.41,5.52,0.06,20.52,4.12,0.01,17.43,6.36,35.57
A0qYNooALHk.jpg,0.11,8.94,0.0,20.55,3.76,0.0,14.13,13.21,39.3
a0Yr4CejPXg.jpg,5.92,7.76,0.74,24.61,0.0,0.0,14.67,23.64,22.66
a1g3kt4XLfo.jpg,0.82,5.1,0.0,47.07,0.48,0.01,3.3,13.67,29.55
a1jF-AokfCQ.jpg,0.0,1.08,0.0,37.14,0.41,0.0,12.39,12.24,36.74
a1Pd3XPaAuE.jpg,0.01,6.77,0.2,24.47,0.53,0.0,21.27,18.04,28.71
A1tEA4AGJIE.jpg,0.0,0.3,1.45,15.82,14.49,0.0,29.96,6.09,31.89
A2bdBzrRHfs.jpg,0.0,0.35,7.29,18.08,0.48,0.0,15.4,20.31,38.09
A2_vSVmLeQs.jpg,0.06,3.17,0.0,31.27,1.27,0.0,12.19,8.5,43.54
A54fT5PWTIc.jpg,0.0,21.63,3.36,16.1,0.0,0.0,5.34,28.71,24.86
A6G0NXmETR4.jpg,2.38,8.83,0.0,16.29,4.66,0.0,29.03,10.0,28.81
A6jYxNYpT5A.jpg,0.02,1.54,0.0,36.61,0.17,0.0,10.37,30.25,21.04
A7AWtH1mfZs.jpg,0.82,1.79,0.0,18.6,2.38,0.0,24.86,2.09,49.46
A7oeGayicnc.jpg,0.0,1.39,0.0,13.82,10.12,0.12,20.04,6.17,48.34
a8kwJYMSyFI.jpg,0.09,0.48,0.34,17.01,5.94,0.0,10.55,22.75,42.84
a9PyRuEJlbM.jpg,0.51,2.55,0.06,23.71,1.38,10.32,15.15,24.49,21.83
A9rc7uugB6g.jpg,0.68,4.56,0.0,28.05,0.32,0.0,8.46,11.67,46.26
a9ss9hxdc_g.jpg,0.0,0.92,3.93,9.59,0.0,0.0,51.33,4.92,29.31
aA8hpFdp8rk.jpg,0.74,2.23,3.61,28.03,0.03,0.0,12.1,20.18,33.08
aBBKBpmtfTU.jpg,1.59,2.16,0.0,5.03,3.49,0.0,49.97,0.76,37.0
Abq7F6HGIX8.jpg,0.39,7.34,0.31,13.54,0.0,1.96,5.91,57.25,13.3
ABUx5euD2vk.jpg,0.08,3.21,0.0,15.83,0.29,0.0,11.25,14.31,55.03
abYIe3yt2E8.jpg,0.0,0.18,0.94,33.87,13.44,0.0,12.27,16.86,22.44
acp-2bET9Tk.jpg,0.18,1.48,0.0,15.67,0.34,0.0,24.74,8.26,49.33
aDAR65Fcp7E.jpg,0.61,4.46,0.0,19.88,0.9,0.02,11.14,2.76,60.23
aDMij0Q5trA.jpg,1.12,3.63,0.0,19.42,0.69,7.05,22.75,2.03,43.31
Ae9RLvFXChQ.jpg,2.19,1.16,0.0,9.53,0.0,0.0,5.88,4.8,76.44
AEp-JC1jHvw.jpg,13.08,27.93,0.0,14.56,3.54,0.0,1.62,17.7,21.57
affyMammfp4.jpg,0.17,0.3,0.09,26.04,0.35,0.0,28.08,6.0,38.97
afsIRMFQR3U.jpg,1.3,1.56,0.0,24.2,0.64,0.0,14.45,13.3,44.55
agJmf_4RkHQ.jpg,0.0,1.28,0.0,26.0,1.82,0.0,3.08,18.0,49.82
AhVOJm6v5Ig.jpg,0.13,2.9,0.0,49.74,1.59,0.0,16.64,4.9,24.1
aHXJvqCqhyc.jpg,0.0,1.15,0.04,23.62,3.82,0.0,15.28,10.0,46.09
AI7Us_5-IaQ.jpg,0.0,0.0,0.0,17.1,0.92,3.05,40.75,3.53,34.65
aiF84sKG90U.jpg,3.21,0.7,0.0,25.42,1.19,0.0,17.57,9.2,42.71
AinyNd4rv2I.jpg,1.5,2.84,0.0,14.4,5.8,0.0,42.43,1.1,31.93
aIOMYGTHqqA.jpg,0.87,13.59,0.51,21.36,0.49,0.39,10.05,2.96,49.78
AIVU8Rg7Jpo.jpg,0.48,10.52,0.0,7.73,4.33,0.0,7.6,9.52,59.82
aiWO5CxPUXk.jpg,1.36,2.56,0.0,23.27,0.17,0.01,9.82,10.15,52.66
AJ1dWqy_rws.jpg,0.09,0.25,0.0,16.42,5.07,0.0,22.51,7.65,48.01
aJ3H99d41l0.jpg,0.01,3.5,0.0,27.62,0.1,0.06,14.46,12.55,41.7
aj6yPs9Z5sc.jpg,0.0,1.02,0.0,13.59,0.0,12.37,33.8,12.92,26.3
AJF7cjAgZ9M.jpg,0.0,13.42,0.0,30.91,0.0,0.0,2.64,21.36,31.67
AKjlkab1YRo.jpg,0.0,0.0,0.0,53.82,0.0,0.0,11.04,6.79,28.35
Al7xFwszHQM.jpg,0.04,4.68,0.0,27.73,0.47,0.03,30.41,7.83,28.81
Al9Hk6_w2Qo.jpg,0.82,3.21,0.0,20.75,1.19,0.0,24.97,17.38,31.68
alFcZ3YZSig.jpg,0.31,5.16,0.0,10.61,0.38,0.01,30.05,5.63,47.85
aLXp5M1mdoo.jpg,1.22,8.63,2.75,6.67,2.42,0.0,25.97,1.93,50.41
AmgEFzgnvP4.jpg,0.97,3.29,4.39,13.26,21.41,0.0,9.24,30.28,17.16
AMjJd3fnND0.jpg,0.02,0.32,0.07,23.82,0.13,0.0,14.79,23.69,37.16
anOwLiXRa5w.jpg,3.16,1.6,1.01,11.43,0.94,0.01,25.54,11.12,45.19
ANpbL70-1VI.jpg,0.84,13.42,0.23,10.8,0.61,0.05,30.66,6.08,37.31
anSOkTr4ugk.jpg,0.0,0.06,0.0,14.62,0.49,0.0,16.54,7.6,60.69
aNTEtfr81E4.jpg,0.13,0.46,3.65,9.92,1.22,0.0,26.44,6.81,51.37
apd8JY86i4s.jpg,0.77,0.31,0.0,18.04,7.07,0.0,17.29,6.82,49.7
aPgwD05HHKE.jpg,2.82,6.42,15.6,10.27,3.83,1.73,22.92,3.18,33.23
ApTB0sxAEpw.jpg,0.0,1.42,0.0,33.17,0.15,0.0,17.08,7.44,40.74
AQBE65iSM-E.jpg,0.0,0.01,0.0,16.12,0.23,2.0,32.77,6.1,42.77
AqT2DLoO7Gs.jpg,0.01,0.1,3.39,14.45,0.06,0.0,52.88,5.19,23.92
AQtTuTZyNiA.jpg,0.0,9.48,0.0,62.95,0.0,0.0,6.78,0.08,20.71
aRhLGffqjgk.jpg,0.0,0.57,0.0,8.59,0.0,0.0,31.31,21.16,38.37
ARMdb7fgfQU.jpg,1.57,7.24,1.85,21.65,2.91,0.0,8.5,14.95,41.33
aRVWwPgSOkk.jpg,0.0,0.14,0.0,44.29,0.0,0.0,0.04,18.66,36.87
aSvGcCDoVt0.jpg,0.41,4.0,0.2,15.9,2.74,0.0,15.71,28.08,32.96
asVHaM9QXzQ.jpg,0.0,0.04,0.0,24.47,0.0,8.9,33.19,8.0,25.4
ata_KjyCz4M.jpg,0.0,0.01,0.0,4.2,0.01,0.0,69.83,2.45,23.5
ATurpKuYqg4.jpg,0.52,4.51,0.0,23.95,0.14,0.0,13.64,28.09,29.15
auC65HEaRQI.jpg,14.27,5.1,0.0,13.8,7.59,0.0,22.2,4.88,32.16
AUuZXLaqerc.jpg,0.96,5.38,0.0,20.51,0.57,7.05,19.26,7.74,38.53
AUvVSN8YWZs.jpg,0.02,2.1,0.06,22.65,11.42,0.0,27.73,14.52,21.5
Av4KKPcv_Ds.jpg,0.05,0.74,0.0,16.79,0.45,0.0,36.11,7.05,38.81
AV8WgtQu6JE.jpg,0.0,7.14,2.58,19.22,0.0,0.0,22.58,3.07,45.41
AVRltPV1VQE.jpg,2.7,4.76,0.0,20.74,0.23,0.0,13.37,9.78,48.42
avVOKbL4dpI.jpg,0.26,11.31,0.0,10.02,0.0,0.0,17.09,1.54,59.78
aW1C2JvSSHg.jpg,1.61,5.18,0.21,35.42,0.15,0.09,0.67,30.57,26.1
AwD4OYyEOUA.jpg,0.0,2.56,0.0,30.78,8.82,0.0,5.81,29.83,22.2
Awe5mrMvJPI.jpg,0.0,0.86,0.96,9.65,20.35,1.66,36.82,6.91,22.79
AwWl2LwQ2-c.jpg,1.09,11.54,0.0,21.37,9.88,2.47,19.93,15.58,18.14
AxJ1YGnc1nY.jpg,1.33,3.68,0.0,15.89,0.0,0.0,3.16,24.55,51.39
AY57GEPf2DQ.jpg,0.0,1.05,0.0,9.58,0.0,0.0,50.9,9.44,29.03
aYc5vE28Big.jpg,0.1,6.12,9.62,8.5,8.23,0.0,33.86,1.87,31.7
aYJ0w1ZQfYg.jpg,1.07,4.28,0.0,26.83,13.17,0.35,30.26,7.21,16.83
AYr7y-JfhN8.jpg,0.01,10.34,0.0,16.18,0.0,0.0,18.62,33.2,21.65
aYxT9tCrADc.jpg,8.21,3.36,0.0,23.78,0.1,0.36,16.5,6.72,40.97
AyZZUJGMrio.jpg,0.16,0.69,2.44,5.63,2.67,0.0,56.44,18.89,13.08
A_HLtsg4TVA.jpg,16.69,12.19,0.0,18.17,0.0,0.0,12.32,14.49,26.14
B-MuZV0B91o.jpg,2.2,1.39,0.97,12.71,0.0,0.0,33.46,14.37,34.9
B-Ux7ehmojs.jpg,0.06,0.77,5.22,13.67,4.78,0.49,41.66,8.02,25.33
b0Sd5upIc6o.jpg,0.0,4.53,0.0,32.26,5.26,0.0,36.31,3.41,18.23
b21dwnHHSig.jpg,4.47,6.25,3.78,18.27,6.28,3.26,13.35,20.29,24.05
b2BiKjTyqII.jpg,0.92,0.88,1.02,12.4,8.26,2.1,29.4,3.0,42.02
b2OS-bv_9ts.jpg,0.59,2.55,0.56,7.71,4.71,0.02,7.9,16.33,59.63
b4lIezLc0ZY.jpg,0.17,5.59,1.18,13.57,0.94,0.0,11.65,33.81,33.09
B5gs2MyCiRY.jpg,0.15,13.31,0.0,13.83,0.11,0.0,20.74,6.33,45.53
b6qUzEN6--g.jpg,0.03,1.97,1.47,22.91,0.25,0.0,20.29,8.38,44.7
B7bX5AlQu6c.jpg,0.0,7.83,0.0,21.96,0.5,0.5,8.22,9.45,51.54
B7Hi2gCYx0g.jpg,0.0,0.0,0.0,26.4,0.51,0.0,20.17,4.33,48.59
B7SbnMo9r5Q.jpg,0.0,4.18,6.12,27.5,0.16,0.0,16.75,14.29,31.0
B8d7D1Idinw.jpg,4.73,4.3,0.0,11.56,3.61,0.0,15.14,34.35,26.31
B8Ra9V5Novs.jpg,1.59,2.51,0.0,49.44,0.0,0.0,6.7,33.33,6.43
b9oguyK0IPQ.jpg,0.07,0.68,0.0,31.71,11.77,1.99,8.46,18.69,26.63
B9UfnHQWJZc.jpg,0.0,0.03,0.0,43.67,10.33,0.0,5.89,12.3,27.78
baIR7eMg5Ug.jpg,7.42,5.43,0.0,10.06,0.03,10.65,23.38,10.94,32.09
bAn0qP3BHcI.jpg,2.16,9.55,0.04,14.02,0.94,0.0,39.23,3.09,30.97
BaxCa7M2I_s.jpg,0.0,2.51,0.0,25.52,0.0,0.0,4.51,46.37,21.09
BbfRMeClL5M.jpg,0.05,0.81,0.0,17.18,10.87,0.06,24.81,6.76,39.46
bbHLfaq8LzQ.jpg,2.08,2.91,1.27,15.96,2.5,0.0,21.23,19.51,34.54
bbkUGFFjX_c.jpg,1.74,0.88,0.0,28.72,0.0,1.3,22.33,11.11,33.92
BboemeR1PcA.jpg,0.0,1.72,0.0,19.44,0.0,0.0,23.87,19.93,35.04
BcNZNEZvU84.jpg,0.0,0.03,0.0,26.68,0.0,0.0,18.49,11.65,43.15
BD2RRl7wPMw.jpg,0.07,0.39,1.64,16.55,0.0,0.0,27.99,11.49,41.87
bDhhBLga2I0.jpg,0.0,16.01,0.0,9.92,0.0,0.0,8.58,26.5,38.99
bfn9tndD9iM.jpg,3.75,24.28,0.88,12.57,5.16,0.0,8.83,13.58,30.95
BFndAL9KPc0.jpg,1.62,12.89,21.37,17.03,2.1,0.11,5.97,19.02,19.89
Bfr7zkTXL9A.jpg,0.0,0.0,0.0,41.64,0.22,0.0,15.05,6.34,36.75
BFRmS1RSYYY.jpg,16.48,7.09,0.08,16.38,3.24,0.0,22.81,6.77,27.15
BfyuKROBWyE.jpg,1.73,20.45,0.01,19.92,0.84,0.0,3.27,41.14,12.64
BgC1dsQDFRU.jpg,0.03,0.36,0.0,13.42,1.95,0.0,26.26,3.81,54.17
bGpXVxq_7iU.jpg,0.0,0.0,0.0,22.85,0.0,0.0,31.09,8.16,37.9
bHa9LfG38bA.jpg,0.19,0.44,0.0,36.67,0.37,0.0,28.14,8.12,26.07
BHR9ht4QVuM.jpg,0.0,0.17,0.88,30.76,0.0,0.0,17.76,16.79,33.64
bH_TiXuz5ng.jpg,0.0,0.1,0.24,31.82,2.89,0.0,19.09,25.94,19.92
biJBN1vOIDA.jpg,8.87,1.93,0.0,11.97,9.17,6.18,26.5,7.18,28.2
bj4tLSZnIqM.jpg,0.02,2.19,0.85,34.71,0.0,0.0,9.59,13.71,38.93
BjaKfnWjX9Y.jpg,0.64,4.75,0.42,15.54,0.08,0.05,21.98,16.44,40.1
bJyXT6HK7Us.jpg,4.24,2.16,0.0,29.13,6.06,0.0,19.48,23.5,15.43
BKBIU-YJJc8.jpg,0.89,3.19,0.67,38.2,1.38,0.04,7.98,10.75,36.9
bKCr62Dk7Us.jpg,0.24,1.34,0.0,20.39,6.52,0.0,25.43,10.75,35.33
BKi1QTM3Rto.jpg,0.0,1.88,0.0,26.78,0.13,1.57,12.82,1.53,55.29
bkjKixwujk0.jpg,4.51,3.13,0.0,31.56,2.27,0.03,15.95,10.52,32.03
BKKZBeRVSfw.jpg,0.06,1.3,6.86,19.47,0.12,0.24,19.27,14.81,37.87
BMCKKkbhQpc.jpg,0.17,0.96,0.0,24.67,0.04,0.0,12.77,21.38,40.01
Bnc7liFjcvc.jpg,0.0,0.28,0.0,31.86,0.43,0.0,13.33,17.14,36.96
BNdsUvQjNp4.jpg,0.0,1.83,0.14,14.7,0.08,0.0,42.33,8.9,32.02
BNEcbKDIIgg.jpg,1.21,3.79,0.17,25.22,1.0,0.0,12.81,24.59,31.21
BPm6ggIwMzQ.jpg,5.47,3.92,0.08,15.7,11.95,4.92,24.28,6.41,27.27
bPmYS3LC01w.jpg,0.0,20.32,0.0,13.08,2.1,0.0,11.22,1.55,51.73
BppgvPJZMlA.jpg,3.44,1.41,0.0,35.43,1.36,0.0,13.55,11.92,32.89
bPUI6knEB7w.jpg,0.0,0.0,1.25,5.29,5.46,0.0,50.6,0.0,37.4
bQdfoCTjU7E.jpg,0.95,5.56,0.27,31.43,0.53,0.0,5.65,32.83,22.78
bqO6iZcLrv4.jpg,5.48,4.64,0.0,21.08,6.49,8.22,17.93,7.25,28.91
bRLJhD0Js5U.jpg,0.03,3.32,0.0,20.38,0.0,0.02,13.62,33.34,29.29
BROKaSugx-Q.jpg,0.14,5.24,0.0,38.67,0.36,0.0,5.37,11.22,39.0
bSaPw3r8lkc.jpg,3.2,10.76,1.2,11.08,2.71,0.55,23.25,4.58,42.67
bsTb5vMw1dQ.jpg,0.02,1.3,0.0,29.09,0.44,0.0,17.67,13.08,38.4
Bta_XWrA5lA.jpg,0.03,0.36,0.0,7.54,20.03,0.59,33.23,1.62,36.6
btEYK52Dwsc.jpg,2.51,3.71,0.85,7.09,0.98,0.0,38.1,2.34,44.42
BTkkdlCE-7c.jpg,0.59,15.94,0.0,9.03,0.0,0.0,13.87,20.07,40.5
bTLMJvuPbZc.jpg,2.87,2.2,0.0,25.17,0.0,0.0,23.06,13.42,33.28
BUCANbJ9rZs.jpg,0.0,9.62,0.04,18.19,10.59,0.0,15.84,4.06,41.66
BulWyYdhpFE.jpg,0.0,0.81,0.12,19.12,6.67,0.35,30.85,8.22,33.86
Bv0XZHD98ss.jpg,0.01,8.65,0.0,15.84,0.06,0.06,16.32,12.16,46.9
BvIL0PWj5_A.jpg,0.07,5.63,0.0,24.04,2.38,8.07,18.02,14.08,27.71
BW96eqdLf_I.jpg,0.35,0.64,0.36,3.54,0.65,0.0,67.96,0.54,25.96
BWCUwXAEaPk.jpg,0.0,2.53,0.32,2.74,0.24,0.0,22.45,2.03,69.69
bwp3C1HRCzk.jpg,0.06,1.49,0.39,14.37,0.17,0.0,34.48,10.11,38.93
bwQ1ifGRKGY.jpg,0.0,1.39,0.0,10.93,5.8,1.68,32.44,0.62,47.14
bW_WaXqlE9Q.jpg,0.05,0.0,0.0,42.55,25.02,0.0,9.59,8.6,14.19
bxU3BHbt4ZY.jpg,0.0,0.0,0.0,6.04,0.0,0.0,7.77,3.89,82.3
by4HzfWRbT4.jpg,0.01,0.27,0.07,17.39,12.75,0.28,16.76,9.48,42.99
byOqHHUBlVg.jpg,0.0,0.33,0.0,2.22,0.0,0.0,72.3,11.37,13.78
BYqGB4NyzDI.jpg,1.27,6.35,0.02,9.29,0.05,0.0,25.82,9.17,48.03
BZ243ndklkE.jpg,0.0,0.0,0.0,15.52,0.0,0.0,45.62,0.29,38.57
BZA1TUcHa4k.jpg,1.02,1.53,0.47,25.1,6.44,0.0,30.61,10.08,24.75
bzjxxzxdeuM.jpg,14.5,9.12,0.0,10.2,3.58,0.0,25.7,3.86,33.04
BZNzNVKim6w.jpg,0.05,7.35,5.13,9.28,10.76,2.97,38.18,11.13,15.15
B_h7W5zTbnk.jpg,1.22,1.47,0.37,26.21,4.3,0.0,29.31,9.71,27.41
c-fijV9L28k.jpg,2.57,4.08,0.0,6.37,0.02,0.0,43.82,1.73,41.41
C-LeFb0JS8k.jpg,0.13,0.47,1.16,17.68,3.13,0.0,50.93,5.21,21.29
c0_yjwProzU.jpg,0.51,3.15,0.0,20.51,4.14,0.38,6.78,56.22,8.31
c12zRnFUTdo.jpg,0.0,1.42,0.0,10.37,0.0,0.0,36.96,9.39,41.86
c185R3zpFQk.jpg,0.3,8.11,0.89,28.79,0.34,0.0,11.93,5.45,44.19
C1EwhDGdv14.jpg,0.08,28.46,0.03,17.14,0.89,0.11,9.66,4.36,39.27
C1ME3ETxuls.jpg,0.26,5.98,0.0,8.89,0.25,0.0,39.63,23.88,21.11
c4kMjhSt73k.jpg,7.41,3.22,0.01,14.96,13.05,0.0,22.71,22.55,16.09
c64OjV9lNvw.jpg,0.08,22.12,0.0,10.84,0.9,0.0,23.77,11.68,30.61
C7JiTweF3xY.jpg,0.0,0.0,0.0,16.49,0.33,0.0,41.87,24.64,16.67
C8O7aUkka4o.jpg,0.93,0.33,7.57,11.04,0.0,2.02,33.97,8.48,35.66
cANij8_TIdI.jpg,5.76,15.99,0.12,23.29,0.07,0.0,13.45,11.53,29.79
CBmNk9pSsy4.jpg,4.35,0.67,0.0,27.14,0.0,0.0,10.47,45.1,12.27
cBXHIQdKWBM.jpg,2.91,4.97,0.0,25.43,1.26,0.0,17.27,16.54,31.62
cCGGFF_fq8k.jpg,0.59,3.0,0.44,16.98,2.73,0.0,16.0,20.31,39.95
cDa3rn2haL4.jpg,0.0,0.12,0.21,15.61,0.0,0.0,15.45,5.7,62.91
cDaBzBo6JOU.jpg,0.0,0.38,0.0,32.21,0.0,0.0,15.97,7.09,44.35
cDfcwMk03SU.jpg,3.1,4.4,4.73,33.86,5.76,0.07,4.5,23.85,19.73
CDjZrY9CrNI.jpg,3.45,9.97,0.0,10.67,0.8,10.58,19.15,3.97,41.41
CdQ1PfaRd7k.jpg,0.0,0.09,0.0,10.25,1.04,0.0,61.74,15.65,11.23
CEfyMNrHkMs.jpg,0.0,6.31,0.0,10.61,0.72,1.25,28.0,4.61,48.5
Cf3Xnr120c0.jpg,0.0,4.75,0.01,9.75,0.0,0.22,31.52,24.86,28.89
CfCIaFiJPBs.jpg,0.07,0.05,0.0,21.44,15.29,0.0,19.71,27.38,16.06
cfgd4erLBL4.jpg,1.39,4.3,0.0,13.44,0.09,0.01,28.66,5.68,46.43
cfIkMJHx5RI.jpg,0.1,5.0,0.0,25.52,0.67,0.0,14.24,27.3,27.17
cFSIBImwMR0.jpg,0.02,0.11,0.32,30.92,1.24,0.0,3.11,44.9,19.38
cFWKWEGIiOc.jpg,3.59,6.57,0.24,23.89,0.77,0.0,13.76,12.45,38.73
cgCt4TRvrmo.jpg,0.06,2.83,0.28,23.52,1.75,0.09,10.58,21.62,39.27
cHc0025eF_4.jpg,0.38,2.53,0.0,22.87,3.62,0.0,22.75,15.44,32.41
CHCTHOi4ggk.jpg,1.51,6.03,2.74,25.49,0.67,0.0,19.51,23.21,20.84
CI12BF_pW34.jpg,2.0,7.21,0.7,14.27,2.71,0.17,44.89,6.13,21.92
CI8PSPP9vlE.jpg,0.44,0.14,1.31,26.91,1.97,0.0,6.43,31.35,31.45
ciBt2cteN-U.jpg,0.6,2.99,0.0,5.13,1.94,2.53,71.02,4.83,10.96
cifzQypGnnM.jpg,0.0,0.65,0.62,41.84,6.7,0.0,16.64,5.97,27.58
CIvsSPNAzGg.jpg,0.0,0.41,0.0,17.91,0.15,0.0,0.65,77.48,3.4
CIzI1u5i8B8.jpg,0.0,0.87,0.41,22.88,0.56,0.0,34.29,11.87,29.12
ckgTnTg9TPw.jpg,0.01,0.69,1.0,15.66,10.74,0.36,23.37,6.22,41.95
CKPXaDT-8ps.jpg,0.0,16.56,5.6,18.31,0.0,0.0,27.06,7.54,24.93
CksMrhlgIc0.jpg,0.0,0.15,0.0,39.47,0.0,0.0,33.25,10.04,17.09
cLWymhJnwts.jpg,0.01,3.03,0.0,27.2,32.31,0.0,0.1,28.12,9.23
cm4yNGTlQOw.jpg,0.0,2.79,1.21,16.73,0.08,0.69,14.83,41.21,22.46
cm9m-gyMlXs.jpg,6.58,6.92,3.34,24.88,1.65,0.0,15.72,24.14,16.77
cmBaWYIfR5c.jpg,3.12,1.35,6.22,16.14,1.25,0.23,29.07,7.11,35.51
cMfqUT8RW80.jpg,0.09,1.32,0.42,39.83,0.46,0.0,7.35,16.12,34.41
cMKx2sNhyfo.jpg,0.0,4.19,0.43,16.56,17.94,0.01,19.52,8.75,32.6
