VideoID,Yellow,Orange,Red,Violet,Blue,Green,Black,White,Brown
2KMPO_X70aM.jpg,0.0,1.24,0.0,19.83,0.0,0.0,20.11,10.86,47.96
z4o7B7EqlyA.jpg,2.94,13.9,0.27,16.88,0.71,0.0,19.03,20.03,26.24
h5HvB2tun4Y.jpg,0.21,0.26,0.0,14.37,0.0,4.6,9.05,49.74,21.77
los0jDQ1JgQ.jpg,0.0,0.16,9.44,12.52,0.0,0.0,28.79,23.97,25.12
YZfG-QIjvt0.jpg,0.15,8.64,0.0,18.59,0.5,0.0,4.08,6.84,61.2
ChjJi3WLk4g.jpg,0.0,0.83,0.0,36.0,0.0,0.0,28.72,10.68,23.77
T5dMinwE5Dk.jpg,0.1,1.34,11.49,18.59,0.0,0.86,12.93,10.67,44.02
dywzVZSEC1o.jpg,0.0,0.06,0.0,15.87,0.0,0.03,31.38,29.9,22.76
BUbieeQkJhg.jpg,0.0,0.0,0.0,26.93,0.87,0.0,28.58,5.97,37.65
oEnVBNnNBYA.jpg,0.0,0.07,11.64,4.42,11.33,0.0,31.19,0.41,40.94
m0Ev68n4qZk.jpg,13.66,7.02,0.0,24.88,0.0,0.0,18.34,16.31,19.79
6C9s8-jVXqo.jpg,0.0,0.0,0.0,29.69,0.0,0.0,42.23,8.04,20.04
M8qo6HWcSTQ.jpg,0.0,1.21,0.0,10.27,0.0,0.0,42.63,11.38,34.51
Ipj_i8_V3LQ.jpg,1.92,12.33,0.0,15.49,2.61,0.0,45.19,8.61,13.85
NUqTE93xw7w.jpg,0.0,8.26,0.35,16.35,0.0,0.0,36.38,12.13,26.53
Dn2IQNvbbrs.jpg,0.08,0.54,0.0,16.99,0.46,0.0,41.64,24.14,16.15
9AYywOvLYb0.jpg,2.76,4.57,3.5,10.78,4.79,0.0,25.43,24.25,23.92
fhjrkzUSTf4.jpg,0.0,0.45,0.14,14.78,0.37,0.01,32.44,10.34,41.47
yxtTlPJ9STo.jpg,0.74,7.9,0.21,23.41,0.81,0.08,23.64,17.88,25.33
hSrg1_g5Abo.jpg,0.19,1.01,0.09,16.96,2.93,0.0,25.85,27.9,25.07
_GT_jJZhO-A.jpg,5.61,15.8,0.0,6.27,0.0,0.0,26.29,10.34,35.69
x53G1rAn4b4.jpg,0.5,3.87,0.0,21.77,2.48,0.0,19.68,13.65,38.05
YWzVVexJxkY.jpg,0.0,0.0,0.0,41.87,0.0,0.0,13.75,17.44,26.94
iNALxHVieYg.jpg,0.0,0.37,1.12,27.4,0.04,0.0,21.51,22.82,26.74
fVN0oIQd-P8.jpg,0.0,3.39,0.0,42.84,9.5,0.0,25.58,6.1,12.59
RVnVYl-vxfQ.jpg,0.29,6.64,0.06,24.59,0.16,0.03,19.25,16.14,32.84
3DeWMKDjlmE.jpg,1.46,11.14,2.28,15.22,7.04,0.03,27.05,11.13,24.65
Bg14LKTUfCg.jpg,0.0,0.03,2.81,40.44,3.47,0.04,5.75,15.38,32.08
TuLGJKti1RE.jpg,0.0,0.0,0.0,13.69,0.0,0.0,32.62,32.95,20.74
luRIER1mGNM.jpg,22.47,14.07,7.26,8.91,0.0,0.0,6.71,8.52,32.06
FZUy0NrBuIw.jpg,1.24,4.69,0.2,23.91,2.5,0.0,22.06,19.36,26.04
CWGPc88lYFg.jpg,0.0,0.31,2.38,28.63,4.14,0.0,22.75,7.43,34.36
X3w2ezboqPg.jpg,0.0,2.47,1.56,22.81,0.18,0.0,11.28,23.65,38.05
38JwqKI3dsw.jpg,0.39,7.29,6.08,6.1,0.0,0.0,45.07,9.73,25.34
mERBc57aqTU.jpg,0.99,26.1,0.0,6.08,0.0,0.0,23.98,10.85,32.0
uKySDFpH-xU.jpg,0.0,0.04,0.0,33.22,0.0,0.0,27.53,1.25,37.96
Iz82xzqimBo.jpg,0.03,0.01,0.0,14.25,0.91,0.0,36.05,13.4,35.35
mYua7XLdkHY.jpg,0.11,18.07,3.25,22.09,0.63,0.0,12.99,8.08,34.78
x7-NWS85q7w.jpg,0.0,0.11,2.84,22.18,5.3,0.0,24.21,16.5,28.86
eAiHPIo1BN8.jpg,4.91,2.58,0.0,21.39,4.1,0.0,21.91,10.3,34.81
Gov6lYBEPBg.jpg,0.0,1.69,0.0,12.48,0.0,0.0,41.78,10.26,33.79
3Cda8dnTx2E.jpg,0.38,0.99,0.0,5.39,2.07,4.52,54.82,3.38,28.45
k4w_63-AP0s.jpg,0.69,3.96,0.0,18.45,0.0,0.0,21.11,17.4,38.39
h74m7nB1GO4.jpg,0.89,17.39,1.16,15.47,0.0,0.0,5.37,3.05,56.67
ySAKr4iPUDU.jpg,0.49,0.53,0.0,24.27,1.4,0.0,33.53,16.49,23.29
cbk9khFNf8g.jpg,0.0,5.28,0.0,12.3,0.0,0.0,23.32,1.91,57.19
Q0br4Ujitu0.jpg,0.22,12.11,0.0,4.19,0.0,0.0,34.12,10.18,39.18
33Q14vlsZqo.jpg,0.0,0.0,0.0,14.38,8.42,0.0,31.84,4.81,40.55
fL56kvqw9K4.jpg,1.73,10.3,4.95,21.94,0.7,0.0,9.22,20.14,31.02
O6w63JKzcnI.jpg,0.0,0.0,0.0,19.69,0.0,0.0,34.56,0.58,45.17
5fOTfDE1zG4.jpg,0.28,8.78,0.05,21.42,0.42,3.0,11.47,26.07,28.51
pGEfE1qkY2E.jpg,6.69,1.95,0.0,10.58,10.04,0.0,38.62,9.79,22.33
TPmCMiY6qWs.jpg,0.02,0.95,0.0,23.83,0.49,0.0,18.09,8.17,48.45
NrQnfWDQHCk.jpg,0.0,0.1,0.0,18.15,2.52,0.0,28.91,3.38,46.94
RnwhIxzL8p8.jpg,0.87,20.26,0.0,13.65,0.85,0.01,15.56,17.16,31.64
lxCfT44UssE.jpg,8.47,2.75,0.0,19.81,12.43,0.0,24.59,4.39,27.56
gCqIByfAlyY.jpg,13.22,6.19,0.0,18.45,0.0,0.1,23.01,6.78,32.25
HX6BFryw5sw.jpg,0.02,8.72,0.0,14.34,6.05,1.78,36.79,2.76,29.54
pe4dwAGhOcU.jpg,1.03,13.54,1.19,9.75,3.57,0.0,19.91,1.83,49.18
-GE8hSBKfRo.jpg,0.02,0.02,0.0,22.85,0.84,0.0,31.32,6.62,38.33
wD9lqcEvhgw.jpg,0.09,2.34,0.0,33.2,0.06,0.14,14.08,23.06,27.03
PfQt-5yf_fA.jpg,0.33,4.9,0.0,22.59,4.02,0.0,28.58,11.7,27.88
sggwtsSkVSw.jpg,0.0,0.9,0.0,18.34,0.0,0.0,33.51,4.76,42.49
koifioklSvM.jpg,9.29,3.45,0.0,4.04,0.0,0.0,33.16,4.58,45.48
YliHyU4vqfw.jpg,0.03,1.32,0.99,19.32,2.23,7.48,18.11,7.55,42.97
laJP2x0foJE.jpg,0.25,0.19,0.03,28.28,0.02,0.83,16.39,22.71,31.3
fihPcrzVnCY.jpg,0.0,0.0,3.39,30.56,0.11,0.0,7.33,3.14,55.47
wVTlSmOpMkM.jpg,0.2,0.09,0.0,18.23,0.38,0.0,18.18,3.58,59.34
i6iGPDiH3AA.jpg,0.0,0.0,0.0,7.71,0.0,0.0,33.47,3.54,55.28
ON4hjfzb_5s.jpg,10.02,10.15,0.45,12.72,2.95,0.5,17.47,27.97,17.77
iR6h2b8PFKY.jpg,0.19,0.5,0.0,30.64,0.67,0.0,25.94,5.65,36.41
Ygp_1WjGneU.jpg,0.0,0.52,0.0,63.59,0.19,0.0,4.48,17.88,13.34
WCMZwBu9y7M.jpg,2.7,4.37,2.4,12.91,0.0,1.33,23.63,23.46,29.2
rm4o8naNWgw.jpg,0.22,0.99,0.0,46.58,0.16,0.07,5.65,21.03,25.3
chrmFfxAkGo.jpg,0.15,16.01,0.0,18.31,0.48,0.0,11.42,10.77,42.86
a-syc1wfO8o.jpg,1.81,1.65,1.53,30.01,2.01,1.36,13.1,8.21,40.32
jJo9bBWithA.jpg,0.04,5.61,0.0,19.47,0.36,0.0,38.19,15.52,20.81
RDREmiYYJiY.jpg,0.02,0.02,0.0,20.9,0.91,0.0,39.27,6.45,32.43
Wtv3kgAAw5Q.jpg,0.06,0.14,0.03,16.96,1.45,0.0,44.41,2.96,33.99
NQcdVjnybD0.jpg,0.4,3.48,0.0,13.96,0.0,0.0,35.23,6.46,40.47
tKfpTf3MqE4.jpg,0.01,0.89,5.18,34.12,0.0,3.01,21.69,7.68,27.42
anowH9Urdog.jpg,0.0,0.96,0.0,21.5,0.14,0.25,5.08,6.29,65.78
DVVdQSiJX6g.jpg,0.0,0.02,0.0,32.74,0.16,5.25,19.27,8.25,34.31
1bhGyLyfxww.jpg,1.13,9.89,2.36,21.56,6.92,0.0,18.48,17.09,22.57
X5ksGwjLlnM.jpg,5.13,11.24,1.92,18.43,1.35,0.0,24.06,23.66,14.21
E2pF2yqxQo4.jpg,0.0,0.16,6.36,7.46,53.57,0.0,12.3,7.46,12.69
_usRIH-5sew.jpg,0.0,0.04,0.0,45.34,0.0,0.0,28.59,0.63,25.4
M0cMYrofJtY.jpg,4.56,7.7,0.64,8.85,0.67,0.0,13.61,2.42,61.55
VIc9ZEfCp1s.jpg,0.13,0.05,0.0,10.43,2.27,0.0,53.28,9.87,23.97
nDG6AXKLQgU.jpg,0.24,3.22,0.0,25.1,0.34,0.0,23.65,5.17,42.28
RXo1P47Lrf8.jpg,4.07,15.6,0.0,14.84,5.01,0.0,36.65,7.13,16.7
cXvsI51yuH8.jpg,1.68,4.13,0.0,28.72,2.28,0.0,17.34,11.12,34.73
6k3tbPQbh10.jpg,0.92,4.91,0.38,7.34,1.43,1.82,2.86,41.95,38.39
Mp-yqdfa3K8.jpg,0.0,0.0,0.0,7.72,0.0,0.0,46.82,7.31,38.15
ClPKuIYDIqc.jpg,0.0,2.22,0.04,33.56,1.75,3.95,21.92,3.45,33.11
CD4lt_OQdbI.jpg,0.65,16.11,2.75,13.43,4.44,0.0,23.31,14.9,24.41
ToA3YTdKSaA.jpg,0.77,1.41,0.0,9.29,1.93,0.0,23.36,26.74,36.5
ZkeHGYCybAs.jpg,0.7,17.45,0.02,13.05,0.65,0.0,39.36,10.11,18.66
G8gvUb0arjw.jpg,18.84,8.38,6.27,8.88,1.61,1.47,17.67,24.57,12.31
b7HQU_--Qdw.jpg,0.0,0.0,0.0,27.98,8.55,0.48,24.88,3.64,34.47
wCHZ07t1APo.jpg,0.0,0.06,0.0,37.0,0.0,0.0,14.17,20.2,28.57
FdjQjE6bD_E.jpg,0.0,0.0,0.0,26.07,0.06,0.0,23.38,19.97,30.52
uO3hlDiOBpQ.jpg,0.0,0.15,0.0,12.36,0.0,0.07,28.6,2.04,56.78
mv6aVF8mvpE.jpg,0.1,9.4,0.0,17.1,0.41,0.0,31.93,9.95,31.11
mRiX5jv40LA.jpg,0.57,9.01,1.22,10.65,14.17,0.15,38.32,12.4,13.51
uVOLM-GcZsQ.jpg,0.0,0.0,0.0,14.66,4.01,0.0,48.02,5.08,28.23
flWyIQJ13_Y.jpg,1.02,10.72,2.99,19.7,0.42,0.0,27.28,8.4,29.47
Jl_tJCXHBxw.jpg,0.0,0.0,1.89,35.87,0.65,0.0,15.85,24.5,21.24
1T6MRWydVog.jpg,0.0,9.51,9.43,25.47,0.15,0.0,7.7,14.97,32.77
gDZezDDUHj8.jpg,1.16,2.28,0.1,19.03,1.5,1.5,18.51,22.61,33.31
7k-AQ4TzMbs.jpg,0.0,9.02,3.79,29.14,0.0,0.0,16.19,21.13,20.73
WhwHEV7FFXI.jpg,0.51,1.7,4.14,18.53,0.21,0.0,29.59,12.88,32.44
8HWSQ6sU7ZE.jpg,0.32,2.95,0.0,35.12,1.5,0.0,20.07,12.36,27.68
6-tKvWBvTE0.jpg,0.67,7.62,3.31,10.62,0.0,0.09,12.88,1.53,63.28
jiQqFANdx3U.jpg,0.0,2.24,0.56,30.2,2.65,0.0,34.22,2.89,27.24
uj0IhpcVqw8.jpg,4.85,7.67,0.0,10.69,0.0,0.0,45.11,11.43,20.25
sdbzRnccNBs.jpg,0.13,1.37,3.1,21.5,0.38,0.62,6.5,4.47,61.93
AGfWGmCt46k.jpg,0.0,0.29,0.0,40.7,0.03,0.0,6.63,5.41,46.94
lw0W4iSHbaw.jpg,0.0,4.89,0.03,16.41,0.0,0.0,17.93,28.98,31.76
PM6vFN-SFpU.jpg,0.54,5.1,1.93,26.02,2.94,1.58,10.64,27.61,23.64
9ZwpBolj4aQ.jpg,0.32,1.89,0.01,19.26,0.0,0.0,11.29,34.97,32.26
rNlDsVJo3fA.jpg,0.47,11.71,0.0,25.39,1.1,0.06,12.74,19.03,29.5
hTYcLbujo8g.jpg,0.0,0.0,0.0,26.08,0.11,1.88,11.31,10.35,50.27
qlQ9rH_KE_k.jpg,0.17,7.6,0.0,15.72,0.68,0.0,21.53,17.94,36.36
dL-kRfPUzD0.jpg,0.0,0.72,0.0,41.18,3.29,0.0,8.82,11.66,34.33
bfR18Mqqbxk.jpg,0.0,0.58,3.51,32.06,0.49,0.0,13.65,30.62,19.09
ZMZkexcpGZY.jpg,0.0,0.79,0.0,34.65,0.01,0.0,4.28,25.22,35.05
uwtnFTWs4zk.jpg,0.11,0.52,0.0,54.5,0.53,0.0,8.31,7.79,28.24
rlESwGOENqI.jpg,0.92,0.95,0.13,14.86,0.0,0.0,30.0,25.43,27.71
7L7ll4tqVNg.jpg,0.29,8.01,0.04,32.2,0.55,1.77,2.89,12.58,41.67
Wn9k4zVCTLk.jpg,0.0,0.0,0.0,1.73,4.13,0.0,74.44,0.01,19.69
bW1YWWKV5eQ.jpg,0.0,0.03,0.0,29.49,0.25,0.0,29.37,4.81,36.05
Yd-i3_zIn-A.jpg,5.02,3.98,0.0,10.44,15.58,0.0,30.02,8.85,26.11
YJoGaT8BBQM.jpg,0.7,6.84,2.59,10.12,6.57,0.0,49.54,3.16,20.48
hofDwVkJfT0.jpg,2.04,6.32,0.0,14.24,4.29,0.0,36.78,1.88,34.45
s4vIf9XfRwc.jpg,0.0,0.43,0.0,26.45,2.47,0.0,11.46,28.5,30.69
er8z451F18Q.jpg,0.0,0.0,0.0,23.32,36.1,0.0,21.18,7.5,11.9
eDvP80AVwRA.jpg,3.4,5.01,0.0,27.59,1.4,0.02,20.41,8.04,34.13
OOM8GTFxnYY.jpg,0.0,0.0,0.0,22.28,10.6,0.0,7.2,8.93,50.99
0wmL2otfcdU.jpg,0.04,0.6,0.0,24.25,5.06,0.48,27.11,2.04,40.42
LU1_eh94nnQ.jpg,0.01,0.04,0.37,33.08,0.09,0.0,25.94,6.15,34.32
tqupdUH-I4E.jpg,0.06,1.84,0.03,12.98,2.77,0.53,43.32,17.28,21.19
S7mhPkbk_rQ.jpg,0.0,0.0,0.0,34.15,0.86,0.48,11.57,24.79,28.15
MttG7NB1ilk.jpg,0.0,0.47,0.01,10.27,0.01,0.0,67.0,5.53,16.71
Nl0CNnXWyTI.jpg,1.95,4.48,0.13,16.18,0.43,0.0,37.53,16.52,22.78
HmxnQt1Rzu8.jpg,0.09,2.93,3.09,23.76,0.34,0.0,18.97,11.89,38.93
QG61j-coCgM.jpg,0.0,4.65,0.0,6.66,0.0,0.0,61.51,2.58,24.6
QL99HHNpNDI.jpg,0.14,0.72,0.0,20.22,0.0,0.04,15.41,6.95,56.52
kWzLkfP_zhk.jpg,3.8,1.88,0.0,17.43,0.0,0.06,19.76,15.35,41.72
btvzEH6aPU0.jpg,0.0,1.16,0.0,16.94,0.0,0.0,46.21,3.23,32.46
21Njjpa0gMk.jpg,1.83,8.5,2.89,19.45,0.86,0.27,16.14,25.32,24.74
t4rXCgu0l3o.jpg,0.0,3.25,0.0,22.69,0.74,0.0,47.07,9.54,16.71
VBOqEM5q54A.jpg,0.06,0.0,0.03,28.54,1.6,0.0,30.66,12.5,26.61
waYJhHWj3iA.jpg,0.0,3.77,8.13,34.0,0.0,0.0,8.43,15.06,30.61
3bkS2hVJZM0.jpg,0.0,0.0,0.26,15.54,0.0,0.0,16.56,11.0,56.64
WeRckF-RPZk.jpg,0.0,0.09,0.23,34.25,1.22,0.0,7.16,17.58,39.47
R75vtXPM_f8.jpg,0.1,0.08,0.0,23.9,3.26,0.05,3.83,55.79,12.99
UVGScOmFxSM.jpg,0.0,0.07,0.0,12.68,0.0,0.0,18.32,29.92,39.01
8pPfRksmgUI.jpg,0.0,1.35,0.0,43.29,0.01,0.0,5.42,13.98,35.95
6ZlLneOKPao.jpg,0.16,1.11,0.0,6.37,0.15,0.0,25.28,0.95,65.98
dgF7jNzyhnU.jpg,0.17,8.23,0.0,30.88,1.02,0.0,3.73,18.25,37.72
xlbmE0IqTdE.jpg,33.42,13.44,0.0,8.22,0.0,0.0,18.04,2.08,24.8
HOSBltLGm0Q.jpg,0.0,0.02,0.0,17.53,10.93,0.0,32.59,2.14,36.79
Bji8OWzEmoE.jpg,2.05,1.88,1.46,13.09,0.01,0.0,32.67,15.94,32.9
9oR1N3q9WPQ.jpg,15.56,11.36,0.0,7.89,10.81,0.0,26.86,1.11,26.41
hJnugH7PWko.jpg,0.0,0.26,0.0,10.28,1.21,0.0,40.27,7.58,40.4
toLrmEYv8ZI.jpg,0.02,12.44,0.0,14.61,4.89,4.65,9.34,17.53,36.52
ywXL-ufvWWg.jpg,1.22,13.01,0.0,6.49,0.0,0.0,36.56,10.58,32.14
__Pyj4s_HHw.jpg,1.35,6.81,3.02,29.39,10.19,0.0,7.87,22.31,19.06
mdBsUB-eJtg.jpg,0.0,0.01,1.18,29.35,2.11,0.05,15.35,25.73,26.22
QL4ZsoeEyI0.jpg,0.38,1.17,0.0,22.86,1.55,0.0,30.42,18.26,25.36
8Y5kPjK9ARQ.jpg,2.34,3.71,0.0,10.81,1.14,0.0,27.8,4.8,49.4
kxWnZj9Ke2U.jpg,0.08,10.74,2.52,22.48,9.96,0.0,27.3,5.7,21.22
Yn1qT8VHuAc.jpg,0.0,0.0,0.0,46.76,0.0,0.0,4.52,10.46,38.26
VhNezZtj_Fg.jpg,0.0,5.43,0.0,9.25,0.0,0.0,29.18,23.3,32.84
1pMy5cebiRU.jpg,0.01,0.36,0.0,46.23,0.0,0.0,13.68,7.32,32.4
RCsRIVCaz_M.jpg,0.0,0.01,0.0,8.13,0.59,0.0,49.66,2.38,39.23
wfyKchK1-oY.jpg,0.54,3.13,0.0,19.66,0.03,0.0,26.64,3.17,46.83
DC9GCvRruUw.jpg,0.01,0.59,0.04,24.9,0.05,0.0,29.46,17.97,26.98
HAHhUCkPcX4.jpg,0.0,4.26,0.1,25.86,0.0,0.0,23.98,12.6,33.2
YSwpuGIcbMs.jpg,0.01,0.18,0.0,18.36,0.0,0.0,41.1,15.64,24.71
jEkPH8IdduY.jpg,2.8,1.21,0.0,20.02,0.0,0.0,17.15,13.97,44.85
7NdbqsiwFKw.jpg,0.0,0.08,0.0,26.72,0.0,0.0,22.43,1.21,49.56
KIO4qyxS9qI.jpg,0.02,0.65,0.0,39.63,8.87,0.0,13.37,2.15,35.31
pwv65BMFGl4.jpg,3.21,16.29,0.0,8.94,10.3,0.0,45.28,3.82,12.16
6_c4PuSVRYw.jpg,0.0,0.0,0.0,12.17,0.74,0.02,16.52,46.33,24.22
fT4-aIX9wp8.jpg,1.12,12.9,0.0,20.78,0.9,0.0,24.1,11.29,28.91
lAMO3loSfQs.jpg,0.01,3.88,0.0,21.81,0.0,16.03,15.69,11.39,31.19
WlMMfVd9h4E.jpg,3.17,1.3,0.0,29.11,8.41,0.1,26.52,4.16,27.23
JQKkic9od7s.jpg,0.0,0.18,0.0,14.8,4.56,0.0,55.09,10.39,14.98
NuAe8Ph9BOw.jpg,0.0,0.35,2.2,10.96,1.15,0.0,43.19,10.4,31.75
ZYmUCuYMf-M.jpg,0.0,2.56,0.0,11.96,0.0,0.0,26.17,25.58,33.73
V4krGxLWD8Y.jpg,0.01,4.37,9.45,14.08,0.0,0.0,12.85,37.44,21.8
dXC36IT3Htk.jpg,0.11,7.74,0.0,18.36,0.0,0.73,6.51,26.16,40.39
4xY1Lhe-8u4.jpg,0.0,0.98,0.0,6.67,0.0,0.0,23.33,0.02,69.0
nC_DuwBzcVg.jpg,0.0,0.11,0.01,17.7,0.0,0.0,17.77,2.81,61.6
xwMP8bc-TBg.jpg,2.15,20.82,0.97,18.73,1.31,0.0,21.95,2.41,31.66
aF8UI2_VBsw.jpg,0.0,0.0,18.57,13.05,0.73,0.0,19.63,0.92,47.1
7Wp-L1pvGSM.jpg,5.21,1.68,0.0,22.74,0.0,4.19,29.5,18.26,18.42
iOwbUK5Udrk.jpg,7.29,5.53,0.92,7.01,1.44,0.24,40.14,4.63,32.8
tHEt-bMm2cY.jpg,0.0,0.0,0.0,32.15,0.0,0.0,24.0,16.32,27.53
PUGPBhtMTNk.jpg,5.73,10.64,0.39,16.21,0.7,0.0,33.29,12.29,20.75
WaeA8BOBGjw.jpg,0.0,0.03,0.0,28.1,0.93,0.0,25.18,6.62,39.14
-E2Qm5MhU8w.jpg,0.0,2.87,1.91,11.04,2.82,0.0,41.21,13.78,26.37
DAtMH4R6oQM.jpg,0.55,0.35,0.0,13.03,1.46,0.0,16.24,42.21,26.16
CIo7dMaIoiY.jpg,0.0,0.83,0.0,23.43,0.0,0.0,20.36,16.23,39.15
QZsgajZrRXA.jpg,0.0,0.0,0.0,22.76,0.34,1.38,33.38,0.97,41.17
pXRxMVDFCHI.jpg,0.0,0.82,0.0,21.85,11.45,0.0,21.61,7.21,37.06
Sm8zLkZCNZs.jpg,0.2,5.3,0.0,24.56,0.0,0.0,19.59,12.35,38.0
Uu1hPwQfzOs.jpg,0.0,0.04,0.0,17.73,0.0,0.0,46.03,4.53,31.67
KetxIcAF_0k.jpg,0.81,6.33,2.96,24.3,1.08,0.0,29.35,11.27,23.9
z4Bi1AWycs8.jpg,0.14,0.77,0.0,12.03,0.26,0.0,47.8,4.77,34.23
qR1WV3uIRbQ.jpg,3.02,15.03,0.0,9.64,2.82,0.0,44.74,5.19,19.56
k8GcaxVzpHQ.jpg,0.22,1.3,0.0,25.21,0.21,0.0,29.76,2.66,40.64
3riCqyVSv-w.jpg,1.02,4.61,0.0,22.45,0.04,0.0,37.61,9.71,24.56
vZv4qCr2MFc.jpg,0.71,5.8,0.0,14.92,0.05,0.0,13.37,25.81,39.34
SpK-gm555Cw.jpg,0.61,1.65,6.28,1.32,0.0,0.0,48.59,0.84,40.71
T4mg9UTnJIE.jpg,0.0,0.92,0.0,26.6,0.39,0.0,17.48,38.75,15.86
CFRBZBhDtGg.jpg,2.31,1.17,0.0,15.59,0.76,0.0,26.17,5.63,48.37
YMMaPzMN0Uk.jpg,2.46,4.1,0.01,33.61,1.59,0.0,18.17,11.54,28.52
PvA4IHQh4wI.jpg,0.65,5.78,3.13,14.64,1.52,0.02,29.33,11.53,33.4
zDwuJgLNJbc.jpg,0.09,0.62,0.0,17.02,4.24,0.05,37.82,5.08,35.08
rLHHU_BIN78.jpg,0.36,11.19,0.11,16.31,5.39,0.0,27.14,15.77,23.73
iEoZ5KitYDg.jpg,0.0,0.05,0.0,5.55,0.0,0.0,43.63,19.18,31.59
tIS9n3karyg.jpg,5.92,1.85,0.0,29.96,0.01,0.0,18.56,2.79,40.91
Eie4aiXCVQc.jpg,0.0,6.4,0.07,16.11,0.26,0.0,26.9,19.26,31.0
1gydKIIPXxk.jpg,0.0,0.0,0.0,23.35,0.0,0.0,23.96,10.69,42.0
V7LUjofUagk.jpg,1.35,6.17,0.0,15.54,0.0,0.0,28.14,7.56,41.24
Rp8Xz9S8hOg.jpg,1.58,5.71,0.0,10.86,1.36,4.65,42.56,5.54,27.74
_8gxqr9eiuU.jpg,0.0,0.0,0.0,5.24,53.92,0.0,31.19,0.89,8.76
SGIx491dpJw.jpg,0.89,48.14,10.64,13.95,1.83,0.0,3.8,3.67,17.08
gMRzl3lmZVg.jpg,0.0,5.36,0.0,52.58,0.0,0.0,21.91,4.58,15.57
p6ISQkqce6E.jpg,0.0,1.36,0.0,27.35,1.8,15.87,20.4,2.38,30.84
eOHzAYNyUAQ.jpg,2.16,4.72,2.0,22.63,0.0,0.0,27.67,4.43,36.39
a-W4Daf7_-s.jpg,0.05,0.4,0.0,26.98,0.13,0.0,32.15,9.84,30.45
eIDN1VwRziI.jpg,1.84,8.43,0.0,25.66,0.0,0.0,28.95,11.75,23.37
jj2v1O6bKBU.jpg,0.06,4.23,0.0,5.93,0.01,0.0,61.03,11.22,17.52
JDWzfaVdyz8.jpg,0.03,0.01,0.0,44.24,0.91,0.0,26.35,8.07,20.39
o2gEYFrngw8.jpg,0.0,0.36,0.0,39.24,27.4,0.0,21.36,3.34,8.3
GAiD7atwvvY.jpg,3.28,0.7,0.0,26.1,1.34,1.77,42.37,9.86,14.58
ge3CErSC1G0.jpg,0.0,0.44,1.46,27.69,0.01,0.0,25.76,6.57,38.07
wNyRfE6DvuU.jpg,0.0,1.48,5.27,29.14,12.56,0.0,8.34,13.74,29.47
k4hEEJep_cc.jpg,0.0,0.19,0.0,17.86,0.66,0.0,48.29,10.55,22.45
83jKeR_W4fY.jpg,0.0,0.19,0.0,6.33,0.36,0.0,60.55,4.7,27.87
_xuMLlPPhtc.jpg,0.0,8.97,0.01,36.14,0.0,0.0,16.4,8.25,30.23
zXQr9ppMzSQ.jpg,0.0,0.31,8.28,21.74,0.0,0.0,18.63,16.15,34.89
ifbHas8TkG8.jpg,0.0,0.76,0.0,21.56,0.07,0.0,22.53,16.9,38.18
4bIPofZpTxQ.jpg,0.3,1.02,0.0,17.82,2.51,0.0,4.86,8.49,65.0
NTAnGrxuP0g.jpg,3.47,8.17,3.37,25.39,4.41,0.05,11.86,19.59,23.69
BOlcMowlEvY.jpg,0.09,3.85,0.0,31.11,2.95,0.0,15.69,11.18,35.13
1IysclcSEjc.jpg,4.05,4.46,0.0,32.18,3.23,0.0,11.17,4.77,40.14
v7wNyFdeF18.jpg,0.06,14.35,0.08,23.23,0.0,0.0,41.11,6.99,14.18
0nWyGsI1vWw.jpg,0.0,0.16,0.0,16.79,0.0,0.0,37.58,2.36,43.11
ajd26wym_Qk.jpg,0.0,1.1,0.29,24.89,0.01,0.0,22.8,1.48,49.43
CmlXldfVwh8.jpg,0.0,1.27,0.0,39.13,9.99,0.01,0.41,29.77,19.42
F3j5tS_qNyM.jpg,2.67,6.93,0.0,23.54,0.0,0.0,26.34,10.63,29.89
PTJ1oIKd-5g.jpg,4.07,1.76,0.0,2.39,0.0,0.0,60.34,1.62,29.82
dx4HPiqc2yg.jpg,0.0,26.1,0.0,17.92,0.0,0.0,11.34,20.31,24.33
7fFlTkr3oO4.jpg,0.0,10.5,0.4,18.54,0.0,0.0,36.59,2.69,31.28
2gfLYdwQ404.jpg,0.44,3.36,2.07,13.43,0.7,0.01,19.35,5.72,54.92
opGw2wulDpw.jpg,0.16,1.14,0.0,13.35,0.05,0.0,29.15,2.65,53.5
QGLLDOJsccM.jpg,0.0,0.05,0.0,19.23,3.07,0.0,29.1,1.99,46.56
tRlQG1zEH6k.jpg,0.0,5.52,0.0,23.25,0.0,0.0,41.73,5.51,23.99
UcNJdOkzMbk.jpg,0.0,0.01,0.03,17.94,0.0,0.0,26.69,20.21,35.12
LnmpHtilFG4.jpg,2.47,1.3,0.0,10.73,0.64,0.62,53.06,7.86,23.32
xcMDE0JzegE.jpg,1.1,3.04,0.0,11.45,0.09,0.0,32.82,9.75,41.75
vVa2h051lNE.jpg,0.0,0.0,0.0,14.27,0.03,0.37,34.39,27.33,23.61
F8ymja-HGvk.jpg,0.06,0.0,0.03,18.94,1.85,0.0,39.24,20.65,19.23
3WYZLzTIvWU.jpg,0.0,2.26,0.15,20.9,2.89,0.0,24.75,11.96,37.09
WSd_ndZ4-D4.jpg,0.0,0.18,0.0,29.57,9.91,0.0,17.13,6.11,37.1
k1fpYXqUNcU.jpg,3.42,10.31,0.0,9.4,0.0,0.34,14.95,0.94,60.64
_QsLHWkIR3k.jpg,0.0,1.53,0.67,8.64,0.14,0.03,66.13,9.66,13.2
AnXO5ycu_9Y.jpg,1.35,3.92,0.0,37.7,0.0,0.0,12.45,17.24,27.34
Js7aIhIuS1A.jpg,0.0,1.17,0.0,45.05,0.0,0.0,9.97,5.36,38.45
xKOsZCpCVm4.jpg,0.0,3.35,0.28,11.48,3.19,0.0,62.21,8.03,11.46
qU03wrxbed4.jpg,1.85,6.76,4.21,16.42,0.47,0.0,34.67,13.6,22.02
UADrEZACfUU.jpg,0.92,6.77,0.21,20.15,2.27,0.0,30.63,17.81,21.24
af2QAb1-_Yk.jpg,0.0,2.44,0.0,19.36,5.91,0.0,43.92,5.75,22.62
CNRdK2MXW2Y.jpg,0.0,6.08,0.0,10.48,0.0,0.2,23.83,13.09,46.32
ak0UCdbxxwM.jpg,3.77,1.01,0.36,20.28,2.09,0.0,22.11,32.88,17.5
77a3CJtqZgs.jpg,2.89,7.7,0.06,21.7,0.0,0.21,20.57,10.6,36.27
JR0jhnzM5VU.jpg,1.24,5.22,3.66,30.01,0.61,0.0,11.05,14.47,33.74
BIarUjm4U-0.jpg,1.02,8.93,0.93,37.37,3.57,0.0,2.46,2.38,43.34
f0_HJ7CQOXY.jpg,0.0,32.8,3.08,18.06,0.0,0.0,8.35,12.77,24.94
h5ykol0ShrA.jpg,0.18,0.1,9.41,5.58,3.47,0.0,52.52,11.88,16.86
IPqImzA_FZ0.jpg,0.17,0.62,2.86,37.31,2.2,0.0,13.38,11.67,31.79
MPPdRfsGDfg.jpg,0.0,1.14,0.0,29.54,0.0,1.54,31.88,12.91,22.99
WGIGMmv4agU.jpg,0.0,1.24,0.0,18.87,0.0,0.0,23.84,22.03,34.02
V9LgfkmAhBI.jpg,1.87,2.23,0.0,32.09,0.11,0.0,11.26,15.24,37.2
0t6q8slqq6A.jpg,2.62,11.27,2.16,26.61,0.68,0.0,13.75,17.71,25.2
nk5Dclo0Pbg.jpg,7.96,7.89,0.27,21.45,1.01,0.01,35.18,8.93,17.3
hDtISQa0alo.jpg,0.0,0.04,0.0,24.59,0.0,0.0,23.62,5.72,46.03
G_Q0Jjov0lw.jpg,4.93,10.94,0.0,6.88,0.0,0.0,32.84,4.68,39.73
8R-n7sdVt14.jpg,0.0,0.0,0.0,23.48,0.0,1.72,22.63,9.14,43.03
qpNNq6QFmuM.jpg,0.58,0.43,0.0,18.88,1.5,0.0,18.38,30.06,30.17
yAbZvCSAYsU.jpg,0.0,0.09,0.0,22.47,0.02,0.0,24.42,31.51,21.49
ozu82n8mHFM.jpg,0.0,1.33,0.0,24.33,0.0,0.0,16.45,30.81,27.08
2_kq4ZGkhqE.jpg,0.0,0.0,0.0,0.33,0.0,0.0,69.79,0.03,29.85
Pl5BzYCVwIA.jpg,0.93,9.36,1.99,17.83,0.63,0.0,37.46,11.04,20.76
V78rkoOJstk.jpg,0.04,3.46,0.0,2.35,0.0,0.0,50.69,0.4,43.06
hWCnB8IedVY.jpg,0.0,10.64,0.0,16.19,2.18,0.0,19.91,9.21,41.87
MYHOPNHCwyE.jpg,4.74,18.26,0.0,12.66,0.27,0.0,43.75,8.6,11.72
M80_Zojj-1c.jpg,0.03,0.03,0.0,10.13,0.91,0.0,51.41,1.57,35.92
f00V9MQBhg8.jpg,6.42,0.93,0.0,7.04,0.0,0.0,55.63,0.58,29.4
FjoXOLX5U14.jpg,3.96,1.91,0.0,17.36,0.04,0.0,33.93,20.7,22.1
6MbZlIOM2aY.jpg,4.27,4.53,0.19,29.28,2.87,0.24,17.79,15.79,25.04
F8s6yzC67Gw.jpg,0.0,0.07,0.0,22.57,0.25,0.0,22.03,37.38,17.7
q4y4mrNA43A.jpg,4.76,9.01,0.34,23.65,3.87,0.0,28.11,15.45,14.81
8b-XmxFurWA.jpg,0.0,1.92,0.0,33.22,0.0,0.0,11.1,23.52,30.24
4j46tCuU4vM.jpg,0.84,9.61,0.0,16.75,0.07,0.0,20.44,23.57,28.72
UZ-fQDr0O8I.jpg,7.07,1.36,2.42,20.58,0.98,0.0,25.82,18.76,23.01
XiQyrt2wRi4.jpg,0.01,3.4,0.0,13.22,0.0,0.0,36.33,26.3,20.74
ha0qrg_P_j4.jpg,2.66,17.66,0.03,14.69,4.19,0.0,32.91,5.21,22.65
2CihXRqTstA.jpg,2.17,2.97,0.0,19.21,9.45,9.69,16.15,7.73,32.63
kad73yuqYgk.jpg,0.0,0.06,0.0,56.82,0.12,3.29,25.47,4.17,10.07
ChIfk49mTYQ.jpg,7.18,7.48,2.15,31.1,1.97,0.0,4.42,13.47,32.23
f_YMgrAJUbs.jpg,0.0,5.09,1.11,21.42,0.0,1.8,38.2,6.29,26.09
2tBJ0vkDgrU.jpg,2.73,3.32,0.0,14.81,0.04,0.0,23.48,21.4,34.22
WemRXmR0sYM.jpg,5.75,4.62,0.0,16.71,0.0,0.63,31.49,7.48,33.32
3d8oFucVz4g.jpg,1.33,0.5,0.0,26.12,0.37,0.0,31.99,25.01,14.68
SSA0JCtT27c.jpg,0.0,0.04,0.0,14.41,20.65,0.0,29.18,8.35,27.37
DYIi34XeXDw.jpg,0.0,3.25,0.0,19.45,0.0,0.0,36.0,6.36,34.94
4Ekd1OGwPyE.jpg,0.0,0.18,0.0,21.84,2.23,0.0,8.11,9.79,57.85
UocgmBAJ2sM.jpg,1.1,7.72,0.0,13.61,0.0,0.0,8.82,12.04,56.71
DjyX2TzZVBs.jpg,0.0,0.0,0.0,12.98,7.13,0.0,53.65,9.33,16.91
DPJWngcP0pE.jpg,1.45,1.03,0.0,14.41,0.0,2.52,52.29,7.06,21.24
kJ6B1zVKCXc.jpg,0.0,1.74,1.92,24.2,0.0,0.0,28.42,10.54,33.18
PyzONo5RcTg.jpg,0.61,23.83,0.0,16.22,0.0,0.0,1.76,13.87,43.71
U5ncjwIO0bQ.jpg,0.03,1.45,2.88,48.37,4.4,0.0,3.67,7.27,31.93
3rl9Acc_Bp8.jpg,0.34,2.18,0.0,37.08,0.38,1.9,15.12,5.78,37.22
MGQieW-HRww.jpg,2.77,2.74,0.69,31.86,0.96,0.03,17.41,9.37,34.17
SWfO3TwpzjU.jpg,0.08,4.68,0.0,15.95,0.0,0.0,36.04,0.66,42.59
HHhmO7jtuWU.jpg,0.11,4.36,0.0,15.35,0.32,0.0,2.71,11.51,65.64
uM1CE_3P3tE.jpg,0.76,2.35,0.0,27.33,2.97,0.0,21.85,5.47,39.27
D728n5siT2g.jpg,0.0,0.06,0.0,21.58,0.01,0.46,27.86,7.24,42.79
Rzt5PIo9jDk.jpg,0.42,0.14,0.02,40.95,0.0,0.0,5.99,11.49,40.99
zFRZV9ncDr8.jpg,3.21,11.09,0.09,4.65,0.06,0.0,34.19,3.81,42.9
f41DhVpiv-g.jpg,0.18,0.43,0.01,50.11,0.5,0.0,5.05,7.01,36.71
sv6fOCghaqE.jpg,0.81,9.96,1.46,18.26,2.43,0.0,33.14,11.1,22.84
q8m9NsnhOis.jpg,0.05,0.13,0.35,23.62,0.95,0.0,16.87,8.58,49.45
yAqGMfTYWZQ.jpg,0.0,1.62,0.03,33.65,0.01,0.0,29.81,7.08,27.8
yTG6XvLKpD0.jpg,2.82,13.62,0.01,16.98,5.29,0.09,37.42,6.03,17.74
hk6kaIYwBAA.jpg,0.02,7.9,0.37,20.72,0.27,0.0,36.63,12.08,22.01
_oTrD1-p1Tw.jpg,0.07,14.7,9.45,11.55,0.0,0.0,20.05,24.53,19.65
cb4-sltl1-I.jpg,0.0,0.2,0.76,37.54,14.02,0.0,15.49,9.36,22.63
TaedpHFzjt0.jpg,0.28,8.95,0.25,22.84,2.09,0.0,31.59,11.02,22.98
Uq5FRudopJU.jpg,0.01,5.51,3.63,26.2,0.0,0.0,28.16,7.22,29.27
52tXvPZB5Q0.jpg,0.0,0.02,3.17,53.79,0.0,0.0,7.85,6.53,28.64
zv_XCSIlf0I.jpg,0.01,2.97,0.08,8.34,0.0,0.3,33.3,9.14,45.86
Bm0ONlju0JA.jpg,0.0,0.06,0.0,47.86,0.25,0.0,13.77,0.39,37.67
IKTEQo1Pzwk.jpg,0.03,0.76,0.0,22.43,24.05,0.0,14.22,4.76,33.75
nycYmrpJcbY.jpg,0.0,0.72,4.14,27.24,2.44,0.0,9.81,13.77,41.88
6yl-rsVJhb8.jpg,8.2,7.56,2.77,22.09,2.82,0.0,14.17,17.33,25.06
rMvhi8Afun0.jpg,0.12,0.71,0.0,21.81,0.4,1.23,14.38,16.5,44.85
2xfh3dHDGKE.jpg,0.01,3.8,2.81,25.43,2.99,0.01,11.71,19.48,33.76
Y7G36yJ_Gxc.jpg,0.28,0.97,0.0,16.47,0.01,0.0,33.73,26.06,22.48
seJDnmDAAtw.jpg,0.0,0.14,2.46,13.91,0.03,0.0,36.32,3.47,43.67
tifIFfqM7lg.jpg,1.08,0.77,3.74,19.24,2.07,0.0,15.91,28.6,28.59
HbUbZlLye-4.jpg,0.58,8.08,0.0,4.0,0.0,0.0,51.59,0.3,35.45
ATSDoVfhoBI.jpg,0.0,4.2,0.0,4.63,0.0,0.0,42.36,2.33,46.48
2PsANj44N6M.jpg,3.65,9.18,2.31,19.53,2.57,2.93,27.35,12.26,20.22
q2_9iNLb_Bs.jpg,0.0,0.02,0.0,11.74,0.0,0.0,37.43,23.71,27.1
NF5KbSs8-c8.jpg,1.51,9.65,0.0,24.74,2.84,0.0,23.32,13.54,24.4
CGUCzt05VNk.jpg,0.23,6.39,0.0,8.11,0.0,0.0,40.3,15.63,29.34
d0zi0QHXCiI.jpg,0.02,0.7,0.0,8.42,0.0,0.0,35.94,2.72,52.2
j6xODJIDMlk.jpg,0.19,0.15,0.0,34.63,0.21,0.0,32.32,7.62,24.88
xyZ-52bxzn8.jpg,0.0,0.0,0.0,22.48,2.67,0.0,34.83,0.21,39.81
5a3TmWMLu5Y.jpg,2.15,0.66,0.0,10.1,0.41,1.08,39.34,1.79,44.47
7rEnUDFMHbs.jpg,0.18,3.58,0.0,6.68,0.0,0.0,21.28,37.1,31.18
VXjrCIcGZmw.jpg,0.5,19.02,0.88,14.87,0.35,2.03,19.68,5.45,37.22
WnIUPlRMIiQ.jpg,4.0,6.92,0.0,25.74,0.0,0.88,28.92,12.13,21.41
xaWBf6Y_OIk.jpg,1.39,7.88,6.18,14.66,5.53,0.0,33.3,10.83,20.23
Q1NBbFUfqIY.jpg,1.83,12.0,1.57,15.12,0.95,0.0,20.07,21.51,26.95
qU9Qi6FZTP4.jpg,0.0,0.35,0.0,13.54,0.0,0.0,36.75,17.97,31.39
1igfL2tMxcc.jpg,1.73,4.72,5.39,22.87,1.43,0.01,32.71,11.67,19.47
cHq14kFJLXU.jpg,0.22,2.81,0.0,20.66,1.17,0.02,28.37,25.86,20.89
qA4NGYZQ-mU.jpg,1.69,10.79,2.34,13.0,0.0,0.0,32.22,1.3,38.66
2xwN3UTPtw4.jpg,17.08,1.47,5.64,8.57,0.4,0.0,27.69,13.5,25.65
AFOR2qVjR1A.jpg,0.0,0.36,0.0,21.34,28.72,0.0,30.61,2.73,16.24
r5_rGPunG-w.jpg,0.01,0.17,0.0,12.59,0.0,0.0,17.7,41.17,28.36
iztDMaiIENY.jpg,0.0,2.28,0.0,25.83,5.6,0.0,33.02,13.96,19.31
sCVrLhHwLBk.jpg,0.0,0.68,0.0,20.25,0.0,0.0,25.56,29.08,24.43
V3K1fBAlNg8.jpg,0.04,1.66,5.83,10.53,0.32,0.0,16.28,3.96,61.38
fct-dsDjtoE.jpg,0.03,0.01,0.0,7.91,23.95,0.0,56.86,2.55,8.69
-sCaX_y8--A.jpg,2.43,8.97,1.4,37.12,1.0,0.0,13.36,6.59,29.13
2Kmmzg65nTY.jpg,1.14,1.08,0.0,25.28,0.0,0.0,37.15,2.57,32.78
ObW42yq5Lls.jpg,1.2,4.56,0.0,39.97,0.32,0.0,13.94,13.15,26.86
_I3AFgW2bOY.jpg,0.0,0.58,2.92,15.04,2.92,4.69,20.76,0.76,52.33
bfYMA4ItDPs.jpg,0.0,0.09,0.0,27.22,0.0,0.0,25.85,15.32,31.52
NWB3vzadxiE.jpg,0.89,2.67,0.4,13.67,1.43,1.49,1.35,43.41,34.69
Tiqm49VqjkI.jpg,0.0,0.18,0.0,24.69,5.64,10.35,21.24,9.93,27.97
GqDnZ8sjulk.jpg,0.25,9.45,3.61,22.05,1.94,0.0,22.11,10.49,30.1
9ec9bVsnpiw.jpg,0.23,2.4,0.0,37.42,2.26,0.0,17.65,14.6,25.44
5VEyq5xGaL4.jpg,2.58,14.03,0.41,17.37,1.22,0.34,11.69,38.51,13.85
hHW7jcALdko.jpg,0.03,1.59,2.24,3.9,0.0,0.71,50.22,3.91,37.4
IiXAxFQaF8w.jpg,0.0,2.76,0.0,17.98,0.0,0.0,26.39,18.37,34.5
KrPTd2WTJlo.jpg,0.0,0.0,0.0,10.67,0.0,0.0,29.02,0.28,60.03
TxH11V_I7jk.jpg,0.11,8.78,0.0,21.34,0.74,0.34,30.21,18.13,20.35
QVp3nt5oZk0.jpg,0.0,0.0,0.01,19.06,6.65,0.0,45.6,2.94,25.74
0_xtMsHcq7Q.jpg,0.0,0.26,0.0,22.86,0.0,0.0,7.83,0.31,68.74
7ZcoBFeiuA8.jpg,0.0,0.08,0.0,52.14,0.0,0.0,1.15,3.68,42.95
7Ebi_4WghzE.jpg,0.06,0.0,0.06,24.61,1.59,0.0,30.38,13.68,29.62
1IT2hKxh_Nc.jpg,0.96,12.55,2.12,23.65,0.9,0.0,14.98,19.86,24.98
UeqAoyaBx64.jpg,0.0,0.95,0.0,3.38,0.0,0.1,43.9,0.13,51.54
LJVZTzmf-Yk.jpg,0.19,0.63,1.69,23.6,4.54,0.0,27.84,16.75,24.76
qUR4IaFhZXI.jpg,1.31,3.49,0.76,18.89,0.75,1.89,23.74,5.06,44.11
UbWN31wO718.jpg,0.91,13.23,0.39,15.58,1.43,1.6,0.64,44.31,21.91
zyzWB5E1LDI.jpg,0.0,1.58,0.0,38.61,9.75,0.32,5.55,15.07,29.12
wO27AUykhWo.jpg,5.08,8.13,5.24,6.29,1.42,0.0,40.34,9.4,24.1
7aLmPpGdCfY.jpg,0.0,0.29,0.44,13.44,0.0,0.0,27.34,6.43,52.06
S30lHmk3-vU.jpg,0.0,0.78,0.09,13.99,0.0,0.0,36.28,26.07,22.79
HahnDhTApBk.jpg,1.94,4.29,0.03,18.07,0.01,0.0,26.18,9.6,39.88
cuGPn1yNiA4.jpg,1.76,2.28,0.0,25.55,3.68,0.02,18.0,18.03,30.68
pbx6Z7QToRI.jpg,0.0,0.03,0.0,20.14,0.0,0.0,15.88,19.73,44.22
aRhLGffqjgk.jpg,0.0,0.57,0.0,8.59,0.0,0.0,31.31,21.16,38.37
QXjupn6Fg3U.jpg,0.0,1.63,0.01,22.11,0.49,0.0,38.69,4.46,32.61
BFndAL9KPc0.jpg,1.62,12.89,21.37,17.03,2.1,0.11,5.97,19.02,19.89
XpWElF2qrHE.jpg,3.14,5.54,0.0,37.17,15.53,0.0,16.43,13.48,8.71
GfOtpM1aOoY.jpg,3.06,7.55,5.03,15.6,0.6,0.0,16.27,11.4,40.49
dE-s2PlKB38.jpg,4.38,10.42,0.0,22.5,3.02,0.0,37.38,8.1,14.2
DBySQYEbyDU.jpg,0.16,9.58,0.06,22.66,0.0,0.32,15.48,9.19,42.55
5Nd1GcdW7Uw.jpg,0.0,0.0,0.0,31.67,4.62,0.0,11.97,18.0,33.74
veC0kZvoPp8.jpg,0.0,0.1,0.0,26.26,1.25,0.0,18.58,5.83,47.98
TjbV-owwzzk.jpg,0.0,0.17,0.0,17.3,3.15,0.0,33.45,1.73,44.2
ClHHKkRwwW8.jpg,0.55,7.47,0.0,18.86,0.79,0.0,36.85,13.03,22.45
M64O_-b6I5k.jpg,0.06,0.0,0.05,12.84,1.56,0.0,56.6,12.84,16.05
TiyxdTPnL9o.jpg,0.0,8.69,0.0,18.36,0.0,0.0,7.55,25.79,39.61
Y6apvh7lXBg.jpg,4.32,0.83,0.0,25.85,0.0,3.78,18.5,4.22,42.5
ENfsbFs0p-A.jpg,1.22,10.21,4.03,16.68,0.82,0.0,28.86,10.01,28.17
RG6GorR4BNA.jpg,0.01,0.18,0.0,22.92,0.08,0.0,30.74,16.3,29.77
HTg90NxwzAA.jpg,0.0,0.69,0.03,14.07,0.0,0.0,48.4,4.47,32.34
foqOuB6-ods.jpg,0.94,2.9,0.0,26.08,0.0,0.0,18.94,11.71,39.43
_eeqXw2u67c.jpg,0.0,10.62,0.0,44.47,0.0,0.0,1.1,4.15,39.66
C3WooRrzdBY.jpg,1.04,11.43,0.0,23.02,0.0,0.0,33.99,13.43,17.09
JbRTXTHPPSk.jpg,3.76,1.47,10.06,10.28,1.61,0.0,5.69,26.7,40.43
uTopUYlPhOE.jpg,0.0,0.02,0.0,27.42,1.62,0.02,30.92,4.98,35.02
zybhU7wl2GI.jpg,0.0,1.72,0.0,36.23,0.02,0.05,18.27,10.49,33.22
tZ3932RarRI.jpg,0.0,2.67,0.0,27.2,0.0,0.0,24.03,23.29,22.81
ngPSGmNw8bk.jpg,0.0,0.03,0.0,12.96,0.0,0.0,30.66,9.77,46.58
MPunUmKEyHw.jpg,0.0,0.04,0.0,19.32,0.08,0.0,32.27,1.33,46.96
texpdt06WN0.jpg,4.29,14.69,1.95,4.57,0.9,0.0,38.3,0.91,34.39
yp5FYBptIQc.jpg,2.15,11.8,0.16,10.88,0.0,0.05,32.63,9.55,32.78
Vo1MZ8qqzQo.jpg,0.0,0.0,0.0,18.12,0.84,0.0,30.97,7.31,42.76
l3vRXBLFj5A.jpg,0.4,0.29,0.0,17.35,1.23,0.0,24.72,24.83,31.18
UthFkV6N9Gc.jpg,0.11,0.72,0.0,39.83,1.74,0.0,27.19,8.32,22.09
izC3PpKfnhc.jpg,0.0,5.55,0.0,2.54,0.0,0.0,52.1,1.59,38.22
XjJbLXBPf84.jpg,0.0,2.24,0.0,13.21,0.0,1.82,34.46,13.14,35.13
86gs985X5tU.jpg,0.45,7.18,0.0,5.35,1.23,0.0,54.02,2.42,29.35
LL1OSB5ao-w.jpg,0.16,6.74,0.0,24.79,2.54,0.01,23.1,14.07,28.59
ka-STLHgGpo.jpg,0.48,0.3,0.0,14.57,1.16,6.96,9.78,55.72,11.03
VN-iZGcyKNU.jpg,2.64,12.09,0.0,22.16,0.73,0.0,17.34,21.35,23.69
JsEPnwjmMpU.jpg,0.0,0.0,0.0,10.92,0.3,0.0,21.2,1.37,66.21
w2yE02L6-mY.jpg,7.12,12.36,0.57,23.55,1.0,0.01,15.02,14.64,25.73
Uke_7qrqEEs.jpg,1.41,6.82,3.63,30.22,1.39,0.0,13.19,19.84,23.5
dADxYaNDATs.jpg,0.0,0.01,0.05,26.4,0.37,0.0,20.08,36.77,16.32
FNShpic_21I.jpg,1.31,6.41,0.0,19.97,13.12,0.0,9.08,10.98,39.13
qfoE9mzi6uY.jpg,0.0,0.75,1.42,13.11,0.0,0.0,34.67,6.99,43.06
6My0PpizQ-I.jpg,1.05,17.52,0.0,18.96,3.46,0.07,2.48,18.96,37.5
igh6iitJaYo.jpg,0.1,0.39,0.0,4.67,0.32,0.0,11.23,3.03,80.26
-bLoqjH-KLY.jpg,1.74,5.99,0.0,6.16,1.47,0.0,16.22,30.53,37.89
ZifKDJiM0zI.jpg,0.55,0.47,0.0,17.42,1.62,0.0,12.48,31.95,35.51
TaLJWqZex2M.jpg,0.91,7.46,0.4,18.96,0.36,0.0,15.62,17.05,39.24
2dD8ZEnj2Dg.jpg,10.68,5.21,0.43,10.1,1.2,0.0,23.9,17.27,31.21
B04zftVikas.jpg,0.63,6.81,0.0,30.41,0.95,0.0,11.94,19.22,30.04
kjM9jQYqbrM.jpg,0.0,0.3,0.26,23.53,0.0,0.0,37.3,16.47,22.14
_3NWiD2kWS4.jpg,0.0,1.15,0.0,9.16,0.0,0.0,26.04,9.02,54.63
0MdmKnVutTI.jpg,0.0,0.02,0.0,18.36,0.06,0.0,20.16,29.7,31.7
TrTHtmjfysM.jpg,0.0,0.94,0.0,22.64,0.0,0.0,11.4,21.59,43.43
-83rdiEyMMY.jpg,0.11,1.7,0.0,30.22,3.93,0.0,6.67,27.68,29.69
oLgQCcW8MwE.jpg,2.06,3.21,0.4,19.21,0.0,0.0,15.1,34.95,25.07
MovIpxxyOlo.jpg,0.0,0.77,0.0,30.47,1.95,3.0,29.54,4.65,29.62
kgG1oJiE5qs.jpg,0.0,0.13,0.0,7.36,0.0,0.0,70.15,2.11,20.25
KYQIwUXhDRQ.jpg,0.34,1.05,1.51,37.52,1.25,0.0,28.49,7.27,22.57
4XvO4D1c7yM.jpg,0.6,2.19,2.49,9.67,2.56,0.0,13.49,36.96,32.04
ku0ENCQQvyI.jpg,0.14,2.58,0.0,25.1,0.16,0.0,18.07,2.55,51.4
6wAzxEtZHSg.jpg,0.1,5.67,0.24,21.32,1.79,0.0,30.35,16.03,24.5
XsWKvutlu8I.jpg,0.32,7.18,0.14,21.68,1.08,0.0,28.73,19.86,21.01
ssyQiKLIHhY.jpg,0.0,0.06,0.0,17.71,0.0,0.0,28.52,16.75,36.96
Cw2ZCaaesII.jpg,0.0,0.0,0.0,2.33,0.0,0.0,82.1,3.04,12.53
ODzuORF2fIc.jpg,0.0,0.0,0.0,26.09,0.0,0.0,16.53,26.56,30.82
T04sQN64TYQ.jpg,0.0,11.92,0.01,19.4,3.64,0.02,33.47,7.46,24.08
F7-huPqK6No.jpg,0.09,0.08,0.29,32.14,1.49,0.0,14.7,22.51,28.7
FeV_PvkfUsE.jpg,0.0,0.11,0.0,13.54,0.06,0.0,33.03,18.8,34.46
Jr3t3AUC8H4.jpg,0.0,0.0,0.28,19.26,0.82,0.01,32.06,9.35,38.22
2kk1AjUTMKI.jpg,0.0,6.78,0.0,13.55,0.0,0.0,29.01,4.79,45.87
8vf1wrbar_0.jpg,0.0,1.06,0.0,42.52,0.0,0.0,9.6,12.98,33.84
XWq19I-NsF8.jpg,1.1,1.89,2.15,18.49,4.91,0.0,8.42,41.69,21.35
cQyoDpQuDpI.jpg,0.02,3.14,0.1,3.23,0.0,4.61,13.23,6.34,69.33
DbcVUnvsgvs.jpg,0.0,0.0,0.0,20.13,0.0,0.0,27.05,24.08,28.74
tsS0dTzC4iI.jpg,0.0,0.0,0.0,13.85,0.0,0.0,11.87,36.63,37.65
WMLzY6XbmPo.jpg,0.93,0.57,3.35,37.13,0.0,0.0,19.25,4.54,34.23
cnuVi-SUuBI.jpg,0.01,1.43,0.0,27.5,2.03,0.0,11.09,5.5,52.44
h6VxPLM9a8E.jpg,0.0,17.61,0.0,3.83,1.42,0.0,65.33,4.48,7.33
Z3laA-VUXyY.jpg,4.26,1.59,0.45,16.61,0.0,0.0,40.85,2.29,33.95
4MxQ8RsauA8.jpg,1.31,3.11,0.0,16.82,1.25,0.0,26.66,3.82,47.03
WUT7aBdmKBk.jpg,0.0,0.13,0.0,29.34,7.69,0.0,21.08,4.16,37.6
KHYVLlfrlhQ.jpg,0.61,1.06,3.04,23.99,5.34,0.0,32.47,9.01,24.48
UDHIw4v-BEg.jpg,0.59,4.51,0.89,19.54,0.04,0.0,6.02,4.83,63.58
wmEaIdXFlBc.jpg,0.0,2.97,0.0,11.94,0.4,0.33,34.52,4.69,45.15
UKcRYiALpvs.jpg,0.0,0.0,0.0,15.19,1.5,0.0,57.9,5.74,19.67
MQwoxnNUF2Y.jpg,0.0,24.26,0.17,8.06,0.0,0.0,22.96,2.04,42.51
aW7yOQMKRFM.jpg,0.03,0.08,0.0,19.09,3.16,0.0,26.1,6.31,45.23
Zh633jqXCTc.jpg,17.2,0.82,6.22,9.8,3.55,4.61,25.3,17.06,15.44
SW2Hg2NVBWM.jpg,0.4,3.93,0.0,15.81,0.0,0.0,14.08,13.9,51.88
zgJRP1hUMSQ.jpg,0.0,0.85,0.0,9.82,0.0,0.0,38.37,1.32,49.64
ybzXCvjmLcM.jpg,0.0,0.86,0.66,9.3,0.0,1.46,41.81,2.49,43.42
BWccDzoF8ks.jpg,3.42,1.19,0.1,31.95,4.88,0.0,15.87,11.68,30.91
_U9dMowsscM.jpg,0.35,2.37,0.15,35.37,0.0,0.0,5.18,3.73,52.85
UtL2Py7_TaY.jpg,0.0,0.08,0.0,22.39,11.63,0.0,14.38,5.53,45.99
MCsFFe0E0T8.jpg,0.0,0.08,0.0,9.8,0.0,0.0,37.39,16.22,36.51
Mg58cqXP4q4.jpg,3.19,11.23,3.4,16.28,0.25,0.0,23.89,23.1,18.66
iCQ7Uc7OpMA.jpg,0.0,2.13,0.0,15.75,0.0,0.0,16.39,14.8,50.93
pcsOh2bbI4g.jpg,2.53,9.76,0.0,16.14,0.85,1.13,30.03,20.02,19.54
MY0uhQPcRi8.jpg,0.04,0.28,0.84,24.33,0.35,0.05,24.47,20.3,29.34
LQgt-sV1NY0.jpg,0.0,0.04,0.0,17.69,0.0,0.0,35.9,4.36,42.01
00RVLaKUzcI.jpg,0.0,0.14,8.72,19.41,0.05,0.0,16.53,23.19,31.96
pMROnDzH2-M.jpg,0.01,0.97,0.0,28.01,0.07,0.0,14.5,31.09,25.35
o9tF8Rd1i-8.jpg,2.64,1.43,0.0,22.68,0.0,0.0,27.83,21.37,24.05
HU7emQc9hd8.jpg,0.75,2.37,0.32,18.07,1.35,5.68,17.4,33.9,20.16
muaccpoLJ1k.jpg,1.26,8.1,0.0,23.18,2.91,0.13,22.42,22.26,19.74
H34sOwyicCA.jpg,0.0,0.0,0.0,18.99,0.0,0.0,26.22,24.4,30.39
PikP35Mtbjc.jpg,2.94,15.95,0.0,15.16,2.45,0.0,30.9,8.25,24.35
Hu4uufoly0A.jpg,1.64,0.15,0.0,32.03,0.0,0.0,11.4,8.74,46.04
uzrtfr0eVCw.jpg,4.64,16.34,0.0,7.65,0.0,0.0,49.04,6.66,15.67
TX_gQjHCzqQ.jpg,0.0,0.0,0.0,23.67,3.74,0.0,37.6,9.08,25.91
l8FgrLYgvJU.jpg,0.01,0.15,0.0,17.33,1.49,0.0,17.16,28.54,35.32
bi4_y2cOATA.jpg,0.0,0.14,0.0,49.69,19.36,3.93,3.62,5.77,17.49
a9-1fVA7U_8.jpg,0.07,1.85,0.0,20.59,0.0,0.0,39.71,2.95,34.83
WFDr--cisA0.jpg,0.29,6.17,0.13,38.45,0.78,0.01,3.36,22.23,28.58
3U_mYt1ob60.jpg,4.97,19.36,0.0,18.48,6.03,0.0,31.67,7.03,12.46
CHdTSslLRrQ.jpg,0.65,1.55,0.0,17.65,28.37,0.0,26.26,6.36,19.16
mlG8qLNmUrQ.jpg,0.66,7.76,0.29,22.21,5.53,0.0,20.77,21.62,21.16
8oORslFS5oE.jpg,7.5,2.56,0.11,20.99,0.57,0.0,19.39,6.35,42.53
fjvkr71S6TU.jpg,0.06,0.48,0.33,21.51,1.48,0.0,35.17,4.74,36.23
KGeSR8cC4rY.jpg,0.79,7.07,0.56,20.16,0.88,0.0,38.41,7.44,24.69
8pEocfz8c5k.jpg,0.0,0.0,0.05,14.95,0.19,0.0,32.79,8.14,43.88
xmgPcMsJBnw.jpg,0.0,0.01,0.0,22.43,0.0,0.0,21.45,12.76,43.35
BvBewjMD0vE.jpg,1.73,10.12,3.13,26.43,1.13,0.0,24.8,12.03,20.63
yDlT6kO1M8Q.jpg,1.33,8.77,1.25,21.59,1.05,0.0,16.9,17.81,31.3
3wYuHAWwHMk.jpg,0.0,4.38,0.0,19.4,1.12,0.0,13.33,15.27,46.5
Gin0c8COhSs.jpg,0.7,0.65,0.0,3.96,4.36,0.0,75.39,0.26,14.68
-3rGtR_J1rQ.jpg,1.54,15.7,0.06,10.06,0.0,0.0,21.44,2.06,49.14
M6wnZCYU-GU.jpg,0.02,0.72,2.21,9.7,0.02,0.66,46.61,3.82,36.24
chxpQV3_NtU.jpg,0.06,6.45,0.26,21.0,0.0,0.0,12.64,11.44,48.15
8okXNtmPNiw.jpg,0.0,0.0,0.0,19.76,0.01,0.0,33.43,14.25,32.55
Y80nUYFZCoE.jpg,0.0,0.0,0.0,5.84,0.0,0.0,66.97,9.0,18.19
0qkP7fdD4sk.jpg,0.67,0.42,0.0,34.63,0.0,2.91,10.65,3.55,47.17
LGzGi59KvAk.jpg,0.11,0.48,0.0,4.55,0.84,0.03,30.46,3.51,60.02
tavAZ2raoaE.jpg,1.0,7.05,0.72,15.58,0.8,0.0,38.35,18.02,18.48
g1iVT1dZbNQ.jpg,0.0,4.89,2.06,15.13,0.09,0.05,9.96,16.33,51.49
4DfzRRkiPX4.jpg,0.0,6.81,0.33,26.46,0.0,3.0,9.03,10.76,43.61
ZPnloVwAzn0.jpg,0.0,0.01,0.0,19.24,0.0,0.0,35.66,8.57,36.52
QkTCmFm22zE.jpg,0.99,4.43,0.0,29.9,3.65,0.0,11.06,8.47,41.5
UCAxDSsYTV8.jpg,0.55,1.47,0.0,27.5,2.9,0.0,18.07,24.33,25.18
A6rCGP9NrOo.jpg,0.02,9.35,0.0,9.13,0.0,0.0,11.29,1.56,68.65
N23RE2S0MFY.jpg,1.32,4.34,0.39,18.48,1.61,0.0,27.28,12.34,34.24
oqQwMDptEYA.jpg,4.87,7.77,0.0,25.77,0.11,0.02,14.74,16.93,29.79
1li1KZjdoJ4.jpg,0.19,0.1,9.4,14.11,3.43,0.0,12.47,40.82,19.48
cAF4L2XVXWI.jpg,4.0,9.1,0.0,12.65,0.0,0.0,8.84,2.64,62.77
MsnU_rv9cwg.jpg,0.19,0.46,0.0,16.5,0.0,0.0,18.41,6.6,57.84
jiT0MP2torM.jpg,1.64,7.83,0.13,21.12,0.0,0.0,16.79,23.06,29.43
rncJ2Qpv9Lw.jpg,0.0,0.87,0.0,22.3,0.0,0.0,20.27,21.18,35.38
PUvjCZz7h6U.jpg,5.71,2.59,0.28,17.24,1.63,0.0,21.38,7.29,43.88
Q94-FOJgEP8.jpg,2.47,8.95,3.06,21.83,0.78,0.0,9.22,30.31,23.38
7UvubdV9CIk.jpg,0.08,2.59,0.96,20.24,1.15,0.0,33.44,9.25,32.29
SqVa0vkJ8Rw.jpg,1.05,1.39,0.0,17.05,0.0,0.0,16.6,7.85,56.06
jpoYjOLsqag.jpg,2.01,13.72,2.54,21.08,0.79,0.0,11.82,17.98,30.06
ra_15OTf8uQ.jpg,0.03,1.02,0.04,18.02,0.0,0.0,29.77,15.83,35.29
qYBWuoXxWPw.jpg,0.0,0.12,0.02,36.78,0.0,1.06,7.65,22.9,31.47
SgqiutNqx-M.jpg,0.26,2.94,4.56,6.41,0.0,0.0,58.36,3.48,23.99
lk1gjDUnzT8.jpg,0.0,3.17,0.0,11.54,0.02,0.0,23.58,2.84,58.85
yOw0sYXvbIc.jpg,0.35,16.58,3.5,8.56,0.0,0.0,24.52,5.75,40.74
Ar0VgO2R6EM.jpg,0.39,15.14,2.01,14.33,1.9,1.12,18.18,6.42,40.51
XCL_Ji0SNgc.jpg,1.94,10.81,2.43,35.62,1.64,0.0,13.79,8.83,24.94
jeZXYc2wIJw.jpg,0.91,0.13,0.0,9.7,0.0,0.0,33.57,35.51,20.18
BMEWBjlmmEo.jpg,0.0,0.0,0.0,11.22,0.0,0.0,51.63,23.84,13.31
PjOJ_SZJRjQ.jpg,0.0,0.21,0.0,16.22,0.0,0.0,28.56,6.4,48.61
UHttHqrNXJ8.jpg,0.09,2.9,0.0,13.15,0.0,0.0,23.18,6.41,54.27
ZmwbFlbbDNc.jpg,0.0,0.13,0.0,17.13,0.0,0.0,20.27,4.88,57.59
ASS4HIq4zyM.jpg,0.0,1.25,0.0,29.67,1.1,0.0,13.68,3.13,51.17
M2-t1yPt_Kk.jpg,0.0,2.32,0.0,54.73,0.13,0.0,16.36,4.64,21.82
SU0ySG8UNsE.jpg,0.0,0.0,0.0,20.27,0.0,0.0,32.81,14.51,32.41
7B3W6Tq54MU.jpg,0.56,3.49,0.26,26.83,1.66,0.0,4.88,1.15,61.17
xBv2FaiYja4.jpg,0.0,0.0,0.0,19.81,0.0,0.0,8.28,23.09,48.82
wc8MYxeiKso.jpg,0.03,0.03,0.0,18.27,0.84,0.0,48.03,3.97,28.83
GHOvkngfvM4.jpg,0.13,1.71,0.08,11.58,0.0,0.0,11.74,32.21,42.55
hJSge12li-E.jpg,0.0,0.6,0.0,22.79,3.29,11.55,18.29,14.47,29.01
6dY2ipl7DMk.jpg,5.07,9.55,0.0,13.54,3.08,0.25,39.3,6.85,22.36
yiH8RG1R0m8.jpg,3.06,7.17,5.29,23.16,2.04,0.0,12.43,9.79,37.06
ESsG2ilidCI.jpg,0.0,0.0,0.0,21.27,2.93,0.0,19.92,35.99,19.89
v7zw8jgoPSQ.jpg,0.17,9.08,2.13,32.41,0.67,0.0,11.17,18.85,25.52
L5xQrb794aE.jpg,0.5,8.94,3.78,15.65,3.0,1.14,32.13,12.94,21.92
6sWZMeb2v4Y.jpg,0.0,6.07,0.09,16.38,6.86,0.98,30.15,1.43,38.04
ohgI0njOVqY.jpg,0.0,0.21,0.0,10.63,0.0,0.0,50.98,16.34,21.84
FSogD7bAHF8.jpg,0.04,10.2,1.02,12.28,0.0,2.43,24.31,5.06,44.66
Jp7L7w9P38Y.jpg,6.96,1.47,5.83,18.81,0.94,0.0,23.18,26.21,16.6
CHCTHOi4ggk.jpg,1.51,6.03,2.74,25.49,0.67,0.0,19.51,23.21,20.84
JiYHKKDfYpc.jpg,0.69,15.0,0.0,18.59,5.83,0.0,34.69,12.34,12.86
ucAxMbBZlyg.jpg,0.0,3.5,0.0,13.78,7.73,0.0,18.88,0.1,56.01
c9m7UKSzmGE.jpg,4.43,4.04,0.23,26.47,0.75,0.61,34.33,6.87,22.27
Xfx7OFoGS6Q.jpg,0.03,8.34,0.0,16.23,0.02,0.0,30.91,22.43,22.04
UjcEMdzQjyA.jpg,0.73,3.5,0.04,7.99,0.17,0.0,42.56,3.76,41.25
H4_rp8w7mfs.jpg,0.16,2.37,0.04,38.18,1.89,0.96,5.32,29.1,21.98
jravO2fkiOk.jpg,1.89,4.68,0.0,29.37,1.07,0.0,11.37,19.87,31.75
YsyFvM4KgIk.jpg,2.31,8.55,0.08,27.92,12.85,0.05,13.92,7.76,26.56
CuwdMHCVd3U.jpg,0.0,0.0,0.0,32.3,0.0,0.0,13.29,33.02,21.39
u9q7V5E6uHA.jpg,0.0,0.09,0.0,9.41,0.0,0.0,44.47,4.27,41.76
KMX5nfxMvg0.jpg,0.91,6.75,0.0,23.47,0.0,0.0,14.4,25.07,29.4
FLra5yupzGc.jpg,0.0,0.07,0.0,24.98,0.0,0.0,29.51,5.56,39.88
dyfbpV1gxCk.jpg,8.71,3.87,0.0,5.43,42.1,0.0,22.42,0.06,17.41
c7tJwSd6O8Y.jpg,0.43,8.11,0.6,14.31,6.47,0.0,37.11,16.91,16.06
i-2A58808Hw.jpg,0.73,4.01,0.28,28.23,0.69,0.0,26.54,3.33,36.19
e_MkTkoS4sM.jpg,0.07,0.0,0.04,15.63,1.7,0.0,41.21,7.37,33.98
q58k4WE_1bg.jpg,0.26,0.86,0.0,17.24,0.98,0.02,40.58,7.7,32.36
Z3-WGR0S9Xw.jpg,0.0,0.13,0.0,22.26,0.29,0.0,20.12,24.04,33.16
eRSIdNqheV4.jpg,1.0,3.86,0.2,14.52,0.02,0.0,31.32,5.75,43.33
zihLj9qF2xo.jpg,0.0,0.08,0.0,25.02,0.0,0.0,0.16,32.46,42.28
1ID4xsdGV_Y.jpg,6.52,4.24,0.72,9.95,4.75,0.0,17.49,2.93,53.4
-hZbzxAx9iA.jpg,0.0,0.0,0.0,25.33,0.49,0.0,26.26,30.42,17.5
oa_vRrJKn0I.jpg,6.17,6.53,0.31,9.46,0.0,0.0,29.9,10.06,37.57
fUI2YiE993g.jpg,0.06,3.04,0.0,16.01,0.1,0.0,25.91,0.16,54.72
8KaKs_c9ji8.jpg,3.5,1.67,0.0,24.91,0.0,0.0,8.46,29.89,31.57
wC6KOciADP0.jpg,0.22,0.16,0.0,35.01,0.0,0.0,29.75,12.09,22.77
0v2WtXVOa_w.jpg,1.03,6.87,0.0,8.81,11.15,0.0,26.16,12.57,33.41
f-RqI_1OvL8.jpg,0.0,3.17,0.0,29.94,21.43,0.0,13.98,12.12,19.36
mVrLf63yGsg.jpg,0.03,5.73,1.45,11.09,0.06,1.23,37.1,21.12,22.19
Aaa36c2FuOk.jpg,0.0,0.16,0.0,27.93,0.0,0.0,20.99,8.68,42.24
U6OZm0gtHVU.jpg,1.05,6.32,0.0,19.02,0.0,0.03,12.91,18.04,42.63
r4Akdo6k05c.jpg,0.0,10.54,0.0,6.44,0.0,0.0,45.39,13.76,23.87
n2QQE2QgGt4.jpg,2.82,2.16,0.76,26.35,3.95,0.03,25.97,12.99,24.97
qhWeTnkS05U.jpg,0.71,2.23,1.02,17.65,1.08,0.0,23.31,16.37,37.63
6tg2h-Vc9ho.jpg,0.03,0.02,0.0,8.53,1.26,0.0,33.11,4.08,52.97
QJwsphG86dE.jpg,0.56,1.34,0.0,11.13,0.0,1.64,23.5,13.53,48.3
Nk3M8nfWaPY.jpg,7.13,32.52,0.31,4.48,0.01,3.65,21.53,1.82,28.55
8Sw9WZeWzdU.jpg,0.0,0.53,0.0,26.98,0.23,0.08,8.82,4.0,59.36
4tNSlxqrcLU.jpg,0.0,0.0,0.07,26.69,0.0,0.0,26.58,7.26,39.4
JWtWmLE5Ns4.jpg,0.0,0.12,9.44,20.57,0.0,0.0,26.18,16.06,27.63
